data:
  dataset_name: cora,citeseer,pubmed
experiment:
  n_splits: 100
  n_trials: 1
model:
  attn_dropout: 0.3
  basepoint: false
  diff: false
  dropout: 0.9
  gnn_type: GSAN
  jk_type: null
  l2_reg: 0.01
  learn_embedding: false
  n_depth: 1
  n_features: 64
  n_heads: 8
  n_levels: 2
  n_post: 0
  n_pre: 0
  n_steps: 5
  norm_type: layer
opt:
  es_patience: 50
  lr_init: 0.01
  mode: min
  monitor: val_loss
  n_epochs: 1000
results:
  test:
    acc: 0.704988420009613
    auprc: 0.7349217534065247
    auroc: 0.9030540585517883
    loss: 1.5499643087387085
  train:
    acc: 0.9749999046325684
    auprc: 0.9989243745803833
    auroc: 0.9997776746749878
    loss: 0.5648658871650696
  val:
    acc: 0.6611111760139465
    auprc: 0.7187667489051819
    auroc: 0.8927562832832336
    loss: 1.709213376045227
