data:
  dataset_name: cora,citeseer,pubmed
  khop: 1
experiment:
  n_splits: 100
  n_trials: 1
model:
  basepoint: false
  diff: false
  dropout: 0.9
  gnn_type: GSN
  jk_type: null
  l2_reg: 0.01
  learn_embedding: false
  n_depth: 1
  n_features: 64
  n_levels: 2
  n_post: 0
  n_pre: 0
  n_steps: 5
  norm_type: layer
opt:
  es_patience: 50
  lr_init: 0.01
  mode: min
  monitor: val_loss
  n_epochs: 1000
results:
  test:
    acc: 0.6803752183914185
    auprc: 0.7350117564201355
    auroc: 0.9089745283126831
    loss: 1.5462281703948975
  train:
    acc: 1.0
    auprc: 1.0000007152557373
    auroc: 1.000000238418579
    loss: 0.5379188060760498
  val:
    acc: 0.6555556058883667
    auprc: 0.7348842620849609
    auroc: 0.9053427577018738
    loss: 1.5991796255111694
