data:
  dataset_name: cora,citeseer,pubmed
experiment:
  n_splits: 100
  n_trials: 1
model:
  attn_dropout: 0.3
  basepoint: false
  diff: false
  dropout: 0.9
  gnn_type: GSAN
  jk_type: null
  l2_reg: 0.01
  learn_embedding: false
  n_depth: 1
  n_features: 64
  n_heads: 8
  n_levels: 2
  n_post: 0
  n_pre: 0
  n_steps: 5
  norm_type: layer
opt:
  es_patience: 50
  lr_init: 0.01
  mode: min
  monitor: val_loss
  n_epochs: 1000
results:
  test:
    acc: 0.6884704828262329
    auprc: 0.7203655242919922
    auroc: 0.89608234167099
    loss: 1.5585088729858398
  train:
    acc: 0.9833333492279053
    auprc: 0.9997265934944153
    auroc: 0.9999445080757141
    loss: 0.39228639006614685
  val:
    acc: 0.6944444179534912
    auprc: 0.7467641234397888
    auroc: 0.8985060453414917
    loss: 1.5665839910507202
