data:
  dataset_name: cora,citeseer,pubmed
  khop: 2
experiment:
  n_splits: 100
  n_trials: 1
model:
  basepoint: false
  diff: false
  dropout: 0.9
  gnn_type: GSN
  jk_type: null
  l2_reg: 0.01
  learn_embedding: false
  n_depth: 1
  n_features: 64
  n_levels: 2
  n_post: 0
  n_pre: 0
  n_steps: 5
  norm_type: layer
opt:
  es_patience: 50
  lr_init: 0.01
  mode: min
  monitor: val_loss
  n_epochs: 1000
results:
  test:
    acc: 0.6261681318283081
    auprc: 0.6642478704452515
    auroc: 0.8797330260276794
    loss: 1.649568796157837
  train:
    acc: 0.9916666746139526
    auprc: 1.0
    auroc: 1.0000001192092896
    loss: 0.38652411103248596
  val:
    acc: 0.638888955116272
    auprc: 0.6745618581771851
    auroc: 0.8830971121788025
    loss: 1.6322215795516968
