data:
  dataset_name: cora,citeseer,pubmed
experiment:
  n_splits: 100
  n_trials: 1
model:
  attn_dropout: 0.3
  basepoint: false
  diff: false
  dropout: 0.9
  gnn_type: GSAN
  jk_type: null
  l2_reg: 0.01
  learn_embedding: false
  n_depth: 1
  n_features: 64
  n_heads: 8
  n_levels: 2
  n_post: 0
  n_pre: 0
  n_steps: 5
  norm_type: layer
opt:
  es_patience: 50
  lr_init: 0.01
  mode: min
  monitor: val_loss
  n_epochs: 1000
results:
  test:
    acc: 0.6934257745742798
    auprc: 0.7192103266716003
    auroc: 0.8949449062347412
    loss: 1.6010611057281494
  train:
    acc: 0.9916667342185974
    auprc: 0.987441897392273
    auroc: 0.9987069368362427
    loss: 0.45491600036621094
  val:
    acc: 0.7111110687255859
    auprc: 0.7466286420822144
    auroc: 0.8977951407432556
    loss: 1.5568486452102661
