data:
  dataset_name: cora,citeseer,pubmed
  khop: 1
experiment:
  n_splits: 100
  n_trials: 1
model:
  basepoint: false
  diff: false
  dropout: 0.9
  gnn_type: GSN
  jk_type: null
  l2_reg: 0.01
  learn_embedding: false
  n_depth: 1
  n_features: 64
  n_levels: 2
  n_post: 0
  n_pre: 0
  n_steps: 5
  norm_type: layer
opt:
  es_patience: 50
  lr_init: 0.01
  mode: min
  monitor: val_loss
  n_epochs: 1000
results:
  test:
    acc: 0.6825740933418274
    auprc: 0.7229586839675903
    auroc: 0.8925560116767883
    loss: 1.5629929304122925
  train:
    acc: 0.9916666746139526
    auprc: 0.9947503209114075
    auroc: 0.9992309212684631
    loss: 0.3070791959762573
  val:
    acc: 0.6944444179534912
    auprc: 0.7494155168533325
    auroc: 0.9036144018173218
    loss: 1.4636059999465942
