data:
  dataset_name: cora,citeseer,pubmed
  khop: 1
experiment:
  n_splits: 100
  n_trials: 1
model:
  basepoint: false
  diff: false
  dropout: 0.9
  gnn_type: GSN
  jk_type: null
  l2_reg: 0.01
  learn_embedding: false
  n_depth: 1
  n_features: 64
  n_levels: 2
  n_post: 0
  n_pre: 0
  n_steps: 5
  norm_type: layer
opt:
  es_patience: 50
  lr_init: 0.01
  mode: min
  monitor: val_loss
  n_epochs: 1000
results:
  test:
    acc: 0.6861741542816162
    auprc: 0.7382142543792725
    auroc: 0.9039279222488403
    loss: 1.5195744037628174
  train:
    acc: 1.0
    auprc: 1.0000001192092896
    auroc: 1.0000001192092896
    loss: 0.38562285900115967
  val:
    acc: 0.699999988079071
    auprc: 0.7248460054397583
    auroc: 0.8992190957069397
    loss: 1.4839175939559937
