data:
  dataset_name: cora,citeseer,pubmed
experiment:
  n_splits: 100
  n_trials: 1
model:
  attn_dropout: 0.3
  basepoint: false
  diff: false
  dropout: 0.9
  gnn_type: GSAN
  jk_type: null
  l2_reg: 0.01
  learn_embedding: false
  n_depth: 1
  n_features: 64
  n_heads: 8
  n_levels: 2
  n_post: 0
  n_pre: 0
  n_steps: 5
  norm_type: layer
opt:
  es_patience: 50
  lr_init: 0.01
  mode: min
  monitor: val_loss
  n_epochs: 1000
results:
  test:
    acc: 0.694086492061615
    auprc: 0.7222288250923157
    auroc: 0.8975127935409546
    loss: 1.5852575302124023
  train:
    acc: 0.9916666746139526
    auprc: 0.9991419911384583
    auroc: 0.9998126029968262
    loss: 0.48890769481658936
  val:
    acc: 0.6833333373069763
    auprc: 0.6888562440872192
    auroc: 0.8768180012702942
    loss: 1.7339545488357544
