data:
  dataset_name: cora,citeseer,pubmed
  khop: 2
experiment:
  n_splits: 100
  n_trials: 1
model:
  basepoint: false
  diff: false
  dropout: 0.9
  gnn_type: GSN
  jk_type: null
  l2_reg: 0.01
  learn_embedding: false
  n_depth: 1
  n_features: 64
  n_levels: 2
  n_post: 0
  n_pre: 0
  n_steps: 5
  norm_type: layer
opt:
  es_patience: 50
  lr_init: 0.01
  mode: min
  monitor: val_loss
  n_epochs: 1000
results:
  test:
    acc: 0.6408668756484985
    auprc: 0.690758466720581
    auroc: 0.881525993347168
    loss: 1.6048624515533447
  train:
    acc: 0.9833333492279053
    auprc: 0.9997835755348206
    auroc: 0.9999578595161438
    loss: 0.26824167370796204
  val:
    acc: 0.6722221970558167
    auprc: 0.6519635915756226
    auroc: 0.8725340366363525
    loss: 1.6000759601593018
