data:
  dataset_name: cora,citeseer,pubmed
experiment:
  n_splits: 100
  n_trials: 1
model:
  attn_dropout: 0.3
  basepoint: false
  diff: false
  dropout: 0.9
  gnn_type: GSAN
  jk_type: null
  l2_reg: 0.01
  learn_embedding: false
  n_depth: 1
  n_features: 64
  n_heads: 8
  n_levels: 2
  n_post: 0
  n_pre: 0
  n_steps: 5
  norm_type: layer
opt:
  es_patience: 50
  lr_init: 0.01
  mode: min
  monitor: val_loss
  n_epochs: 1000
results:
  test:
    acc: 0.6534522771835327
    auprc: 0.7119649052619934
    auroc: 0.8978305459022522
    loss: 1.5418742895126343
  train:
    acc: 0.9916666746139526
    auprc: 0.9995323419570923
    auroc: 0.9999091029167175
    loss: 0.5109133124351501
  val:
    acc: 0.6722222566604614
    auprc: 0.7551746964454651
    auroc: 0.91575026512146
    loss: 1.4435062408447266
