data:
  dataset_name: cora,citeseer,pubmed
  khop: 1
experiment:
  n_splits: 100
  n_trials: 1
model:
  attn_dropout: 0.3
  basepoint: false
  diff: false
  dropout: 0.9
  gnn_type: GSAN
  jk_type: null
  l2_reg: 0.01
  learn_embedding: false
  n_depth: 1
  n_features: 64
  n_heads: 8
  n_levels: 2
  n_post: 0
  n_pre: 0
  n_steps: 5
  norm_type: layer
opt:
  es_patience: 50
  lr_init: 0.01
  mode: min
  monitor: val_loss
  n_epochs: 1000
results:
  test:
    acc: 0.671817421913147
    auprc: 0.7057148218154907
    auroc: 0.8865997791290283
    loss: 1.5864219665527344
  train:
    acc: 0.9916666746139526
    auprc: 0.9995263814926147
    auroc: 0.9999029636383057
    loss: 0.32867830991744995
  val:
    acc: 0.7055556178092957
    auprc: 0.7380337715148926
    auroc: 0.9083702564239502
    loss: 1.4431737661361694
