data:
  dataset_name: cora,citeseer,pubmed
  khop: 2
experiment:
  n_splits: 100
  n_trials: 1
model:
  basepoint: false
  diff: false
  dropout: 0.9
  gnn_type: GSN
  jk_type: null
  l2_reg: 0.01
  learn_embedding: false
  n_depth: 1
  n_features: 64
  n_levels: 2
  n_post: 0
  n_pre: 0
  n_steps: 5
  norm_type: layer
opt:
  es_patience: 50
  lr_init: 0.01
  mode: min
  monitor: val_loss
  n_epochs: 1000
results:
  test:
    acc: 0.637224018573761
    auprc: 0.6828504204750061
    auroc: 0.8822365999221802
    loss: 1.6278475522994995
  train:
    acc: 1.0
    auprc: 1.0000005960464478
    auroc: 1.0000001192092896
    loss: 0.40180572867393494
  val:
    acc: 0.6388888359069824
    auprc: 0.7142242193222046
    auroc: 0.89488285779953
    loss: 1.5794916152954102
