data:
  dataset_name: cora,citeseer,pubmed
  khop: 1
experiment:
  n_splits: 100
  n_trials: 1
model:
  attn_dropout: 0.3
  basepoint: false
  diff: false
  dropout: 0.9
  gnn_type: GSAN
  jk_type: null
  l2_reg: 0.01
  learn_embedding: false
  n_depth: 1
  n_features: 64
  n_heads: 8
  n_levels: 2
  n_post: 0
  n_pre: 0
  n_steps: 5
  norm_type: layer
opt:
  es_patience: 50
  lr_init: 0.01
  mode: min
  monitor: val_loss
  n_epochs: 1000
results:
  test:
    acc: 0.6784141659736633
    auprc: 0.7082056999206543
    auroc: 0.894338071346283
    loss: 1.5678516626358032
  train:
    acc: 0.9916667342185974
    auprc: 0.9993439316749573
    auroc: 0.9998615384101868
    loss: 0.4537018835544586
  val:
    acc: 0.7000000476837158
    auprc: 0.7329075336456299
    auroc: 0.9070864915847778
    loss: 1.4380532503128052
