data:
  dataset_name: cora,citeseer,pubmed
  khop: 1
experiment:
  n_splits: 100
  n_trials: 1
model:
  basepoint: false
  diff: false
  dropout: 0.9
  gnn_type: GSN
  jk_type: null
  l2_reg: 0.01
  learn_embedding: false
  n_depth: 1
  n_features: 64
  n_levels: 2
  n_post: 0
  n_pre: 0
  n_steps: 5
  norm_type: layer
opt:
  es_patience: 50
  lr_init: 0.01
  mode: min
  monitor: val_loss
  n_epochs: 1000
results:
  test:
    acc: 0.6795620918273926
    auprc: 0.7133780717849731
    auroc: 0.8928574323654175
    loss: 1.5640192031860352
  train:
    acc: 0.9916667342185974
    auprc: 1.000000238418579
    auroc: 1.0000003576278687
    loss: 0.37539270520210266
  val:
    acc: 0.7333333492279053
    auprc: 0.7355220317840576
    auroc: 0.911085844039917
    loss: 1.4295105934143066
