data:
  dataset_name: cora,citeseer,pubmed
  khop: 2
experiment:
  n_splits: 100
  n_trials: 1
model:
  basepoint: false
  diff: false
  dropout: 0.9
  gnn_type: GSN
  jk_type: null
  l2_reg: 0.01
  learn_embedding: false
  n_depth: 1
  n_features: 64
  n_levels: 2
  n_post: 0
  n_pre: 0
  n_steps: 5
  norm_type: layer
opt:
  es_patience: 50
  lr_init: 0.01
  mode: min
  monitor: val_loss
  n_epochs: 1000
results:
  test:
    acc: 0.640625
    auprc: 0.6956512928009033
    auroc: 0.8876253962516785
    loss: 1.5887463092803955
  train:
    acc: 0.9916666746139526
    auprc: 1.0000001192092896
    auroc: 0.9999999403953552
    loss: 0.49232977628707886
  val:
    acc: 0.6666666865348816
    auprc: 0.7407954931259155
    auroc: 0.9119632840156555
    loss: 1.425096035003662
