data:
  dataset_name: cora,citeseer
  khop: 2
experiment:
  n_splits: 100
  n_trials: 1
model:
  basepoint: false
  diff: false
  dropout: 0.9
  gnn_type: GSN
  jk_type: null
  l2_reg: 0.01
  learn_embedding: false
  n_depth: 1
  n_features: 64
  n_levels: 2
  n_post: 0
  n_pre: 0
  n_steps: 5
  norm_type: layer
opt:
  es_patience: 50
  lr_init: 0.01
  mode: min
  monitor: val_loss
  n_epochs: 1000
results:
  test:
    acc: 0.6342229247093201
    auprc: 0.670861542224884
    auroc: 0.8757407665252686
    loss: 1.6948113441467285
  train:
    acc: 0.9916666746139526
    auprc: 1.000000238418579
    auroc: 1.0000003576278687
    loss: 0.43574923276901245
  val:
    acc: 0.6277778148651123
    auprc: 0.6874241828918457
    auroc: 0.8790761828422546
    loss: 1.6949501037597656
