data:
  dataset_name: cora,citeseer,pubmed
  khop: 1
experiment:
  n_splits: 100
  n_trials: 1
model:
  attn_dropout: 0.3
  basepoint: false
  diff: false
  dropout: 0.9
  gnn_type: GSAN
  jk_type: null
  l2_reg: 0.01
  learn_embedding: false
  n_depth: 1
  n_features: 64
  n_heads: 8
  n_levels: 2
  n_post: 0
  n_pre: 0
  n_steps: 5
  norm_type: layer
opt:
  es_patience: 50
  lr_init: 0.01
  mode: min
  monitor: val_loss
  n_epochs: 1000
results:
  test:
    acc: 0.6416727304458618
    auprc: 0.6747868657112122
    auroc: 0.8854108452796936
    loss: 1.6460217237472534
  train:
    acc: 0.9833332300186157
    auprc: 0.9989128708839417
    auroc: 0.9997780323028564
    loss: 0.43069809675216675
  val:
    acc: 0.6888889670372009
    auprc: 0.7397110462188721
    auroc: 0.9092351198196411
    loss: 1.4499703645706177
