data:
  dataset_name: cora,citeseer,pubmed
  khop: 2
experiment:
  n_splits: 100
  n_trials: 1
model:
  basepoint: false
  diff: false
  dropout: 0.9
  gnn_type: GSN
  jk_type: null
  l2_reg: 0.01
  learn_embedding: false
  n_depth: 1
  n_features: 64
  n_levels: 2
  n_post: 0
  n_pre: 0
  n_steps: 5
  norm_type: layer
opt:
  es_patience: 50
  lr_init: 0.01
  mode: min
  monitor: val_loss
  n_epochs: 1000
results:
  test:
    acc: 0.6044657826423645
    auprc: 0.6440721750259399
    auroc: 0.863774836063385
    loss: 1.7566336393356323
  train:
    acc: 0.9916666746139526
    auprc: 0.9998586773872375
    auroc: 0.9999718070030212
    loss: 0.3549492359161377
  val:
    acc: 0.6555555462837219
    auprc: 0.6943276524543762
    auroc: 0.891464352607727
    loss: 1.5280930995941162
