data:
  dataset_name: cora,citeseer,pubmed
  khop: 1
experiment:
  n_splits: 100
  n_trials: 1
model:
  basepoint: false
  diff: false
  dropout: 0.9
  gnn_type: GSN
  jk_type: null
  l2_reg: 0.01
  learn_embedding: false
  n_depth: 1
  n_features: 64
  n_levels: 2
  n_post: 0
  n_pre: 0
  n_steps: 5
  norm_type: layer
opt:
  es_patience: 50
  lr_init: 0.01
  mode: min
  monitor: val_loss
  n_epochs: 1000
results:
  test:
    acc: 0.691690981388092
    auprc: 0.7458174228668213
    auroc: 0.9021535515785217
    loss: 1.505450963973999
  train:
    acc: 0.9916666746139526
    auprc: 0.9998592138290405
    auroc: 0.9999721050262451
    loss: 0.519497811794281
  val:
    acc: 0.644444465637207
    auprc: 0.6829793453216553
    auroc: 0.8743546009063721
    loss: 1.711119532585144
