data:
  dataset_name: cora,citeseer,pubmed
  khop: 1
experiment:
  n_splits: 100
  n_trials: 1
model:
  basepoint: false
  diff: false
  dropout: 0.9
  gnn_type: GSN
  jk_type: null
  l2_reg: 0.01
  learn_embedding: false
  n_depth: 1
  n_features: 64
  n_levels: 2
  n_post: 0
  n_pre: 0
  n_steps: 5
  norm_type: layer
opt:
  es_patience: 50
  lr_init: 0.01
  mode: min
  monitor: val_loss
  n_epochs: 1000
results:
  test:
    acc: 0.6711111068725586
    auprc: 0.7337729334831238
    auroc: 0.9054652452468872
    loss: 1.503239631652832
  train:
    acc: 0.9916666150093079
    auprc: 1.0000004768371582
    auroc: 1.0
    loss: 0.3696989119052887
  val:
    acc: 0.6833333969116211
    auprc: 0.7054960131645203
    auroc: 0.8932347297668457
    loss: 1.5630505084991455
