data:
  dataset_name: cora,citeseer,pubmed
  khop: 1
experiment:
  n_splits: 100
  n_trials: 1
model:
  basepoint: false
  diff: false
  dropout: 0.9
  gnn_type: GSN
  jk_type: null
  l2_reg: 0.01
  learn_embedding: false
  n_depth: 1
  n_features: 64
  n_levels: 2
  n_post: 0
  n_pre: 0
  n_steps: 5
  norm_type: layer
opt:
  es_patience: 50
  lr_init: 0.01
  mode: min
  monitor: val_loss
  n_epochs: 1000
results:
  test:
    acc: 0.6576246023178101
    auprc: 0.705086350440979
    auroc: 0.8863654136657715
    loss: 1.6170647144317627
  train:
    acc: 0.9916666746139526
    auprc: 0.9998587369918823
    auroc: 0.9999718070030212
    loss: 0.2901565730571747
  val:
    acc: 0.7277777194976807
    auprc: 0.800726056098938
    auroc: 0.9305164217948914
    loss: 1.2186450958251953
