data:
  dataset_name: cora,citeseer,pubmed
experiment:
  n_splits: 100
  n_trials: 1
model:
  attn_dropout: 0.3
  basepoint: false
  diff: false
  dropout: 0.9
  gnn_type: GSAN
  jk_type: null
  l2_reg: 0.01
  learn_embedding: false
  n_depth: 1
  n_features: 64
  n_heads: 8
  n_levels: 2
  n_post: 0
  n_pre: 0
  n_steps: 5
  norm_type: layer
opt:
  es_patience: 50
  lr_init: 0.01
  mode: min
  monitor: val_loss
  n_epochs: 1000
results:
  test:
    acc: 0.6821935772895813
    auprc: 0.7342112064361572
    auroc: 0.8998605012893677
    loss: 1.5417786836624146
  train:
    acc: 0.9666666984558105
    auprc: 0.9940251111984253
    auroc: 0.9990562796592712
    loss: 0.4211905300617218
  val:
    acc: 0.7055555582046509
    auprc: 0.7127186059951782
    auroc: 0.8962544798851013
    loss: 1.5123412609100342
