data:
  dataset_name: cora,citeseer,pubmed
  khop: 1
experiment:
  n_splits: 100
  n_trials: 1
model:
  basepoint: false
  diff: false
  dropout: 0.9
  gnn_type: GSN
  jk_type: null
  l2_reg: 0.01
  learn_embedding: false
  n_depth: 1
  n_features: 64
  n_levels: 2
  n_post: 0
  n_pre: 0
  n_steps: 5
  norm_type: layer
opt:
  es_patience: 50
  lr_init: 0.01
  mode: min
  monitor: val_loss
  n_epochs: 1000
results:
  test:
    acc: 0.6744867563247681
    auprc: 0.7322038412094116
    auroc: 0.9066015481948853
    loss: 1.4786888360977173
  train:
    acc: 0.9916666746139526
    auprc: 0.9979475140571594
    auroc: 0.9996367692947388
    loss: 0.40555649995803833
  val:
    acc: 0.6666667461395264
    auprc: 0.7621911764144897
    auroc: 0.9144372344017029
    loss: 1.3867262601852417
