data:
  dataset_name: cora,citeseer,pubmed
  khop: 2
experiment:
  n_splits: 100
  n_trials: 1
model:
  attn_dropout: 0.3
  basepoint: false
  diff: false
  dropout: 0.9
  gnn_type: GSAN
  jk_type: null
  l2_reg: 0.01
  learn_embedding: false
  n_depth: 1
  n_features: 64
  n_heads: 8
  n_levels: 2
  n_post: 0
  n_pre: 0
  n_steps: 5
  norm_type: layer
opt:
  es_patience: 50
  lr_init: 0.01
  mode: min
  monitor: val_loss
  n_epochs: 1000
results:
  test:
    acc: 0.6161137819290161
    auprc: 0.6640684008598328
    auroc: 0.8781716227531433
    loss: 1.6171538829803467
  train:
    acc: 0.9916667342185974
    auprc: 0.9998294711112976
    auroc: 0.999965488910675
    loss: 0.42628979682922363
  val:
    acc: 0.6222223043441772
    auprc: 0.6776418685913086
    auroc: 0.8907161951065063
    loss: 1.5349211692810059
