data:
  dataset_name: cora,citeseer,pubmed
  khop: 1
experiment:
  n_splits: 100
  n_trials: 1
model:
  basepoint: false
  diff: false
  dropout: 0.9
  gnn_type: GSN
  jk_type: null
  l2_reg: 0.01
  learn_embedding: false
  n_depth: 1
  n_features: 64
  n_levels: 2
  n_post: 0
  n_pre: 0
  n_steps: 5
  norm_type: layer
opt:
  es_patience: 50
  lr_init: 0.01
  mode: min
  monitor: val_loss
  n_epochs: 1000
results:
  test:
    acc: 0.6826087236404419
    auprc: 0.7311670780181885
    auroc: 0.8990658521652222
    loss: 1.5553457736968994
  train:
    acc: 0.9666666984558105
    auprc: 0.9910865426063538
    auroc: 0.9988582730293274
    loss: 0.4621557593345642
  val:
    acc: 0.6555556058883667
    auprc: 0.7155324220657349
    auroc: 0.8790915608406067
    loss: 1.70614755153656
