data:
  dataset_name: cora,citeseer,pubmed
  khop: 2
experiment:
  n_splits: 100
  n_trials: 1
model:
  attn_dropout: 0.3
  basepoint: false
  diff: false
  dropout: 0.9
  gnn_type: GSAN
  jk_type: null
  l2_reg: 0.01
  learn_embedding: false
  n_depth: 1
  n_features: 64
  n_heads: 8
  n_levels: 2
  n_post: 0
  n_pre: 0
  n_steps: 5
  norm_type: layer
opt:
  es_patience: 50
  lr_init: 0.01
  mode: min
  monitor: val_loss
  n_epochs: 1000
results:
  test:
    acc: 0.6445131301879883
    auprc: 0.6743678450584412
    auroc: 0.8843199014663696
    loss: 1.6178781986236572
  train:
    acc: 0.9749999642372131
    auprc: 0.9979756474494934
    auroc: 0.9995557069778442
    loss: 0.43264931440353394
  val:
    acc: 0.6944444179534912
    auprc: 0.6758431196212769
    auroc: 0.889042317867279
    loss: 1.4827704429626465
