data:
  dataset_name: cora,citeseer,pubmed
experiment:
  n_splits: 100
  n_trials: 1
model:
  attn_dropout: 0.3
  basepoint: false
  diff: false
  dropout: 0.9
  gnn_type: GSAN
  jk_type: null
  l2_reg: 0.01
  learn_embedding: false
  n_depth: 1
  n_features: 64
  n_heads: 8
  n_levels: 2
  n_post: 0
  n_pre: 0
  n_steps: 5
  norm_type: layer
opt:
  es_patience: 50
  lr_init: 0.01
  mode: min
  monitor: val_loss
  n_epochs: 1000
results:
  test:
    acc: 0.7020151615142822
    auprc: 0.7207952737808228
    auroc: 0.8902133107185364
    loss: 1.626387596130371
  train:
    acc: 0.9833333492279053
    auprc: 0.9779900312423706
    auroc: 0.9978744983673096
    loss: 0.24593698978424072
  val:
    acc: 0.6666666865348816
    auprc: 0.736768901348114
    auroc: 0.8884254693984985
    loss: 1.5582544803619385
