data:
  dataset_name: cora,citeseer,pubmed
  khop: 2
experiment:
  n_splits: 100
  n_trials: 1
model:
  attn_dropout: 0.3
  basepoint: false
  diff: false
  dropout: 0.9
  gnn_type: GSAN
  jk_type: null
  l2_reg: 0.01
  learn_embedding: false
  n_depth: 1
  n_features: 64
  n_heads: 8
  n_levels: 2
  n_post: 0
  n_pre: 0
  n_steps: 5
  norm_type: layer
opt:
  es_patience: 50
  lr_init: 0.01
  mode: min
  monitor: val_loss
  n_epochs: 1000
results:
  test:
    acc: 0.6213291883468628
    auprc: 0.6763169765472412
    auroc: 0.8785791993141174
    loss: 1.6126718521118164
  train:
    acc: 0.9666666984558105
    auprc: 0.9863426685333252
    auroc: 0.9984798431396484
    loss: 0.447676420211792
  val:
    acc: 0.6333333253860474
    auprc: 0.6805146336555481
    auroc: 0.8793985247612
    loss: 1.6496453285217285
