data:
  dataset_name: cora,citeseer,pubmed
  khop: 1
experiment:
  n_splits: 100
  n_trials: 1
model:
  basepoint: false
  diff: false
  dropout: 0.9
  gnn_type: GSN
  jk_type: null
  l2_reg: 0.01
  learn_embedding: false
  n_depth: 1
  n_features: 64
  n_levels: 2
  n_post: 0
  n_pre: 0
  n_steps: 5
  norm_type: layer
opt:
  es_patience: 50
  lr_init: 0.01
  mode: min
  monitor: val_loss
  n_epochs: 1000
results:
  test:
    acc: 0.6905465126037598
    auprc: 0.7404609322547913
    auroc: 0.905809223651886
    loss: 1.4887089729309082
  train:
    acc: 0.9916667342185974
    auprc: 0.9999650120735168
    auroc: 0.9999932050704956
    loss: 0.43141087889671326
  val:
    acc: 0.7111110687255859
    auprc: 0.7447130680084229
    auroc: 0.9108632802963257
    loss: 1.384209394454956
