data:
  dataset_name: cora,citeseer,pubmed
  khop: 1
experiment:
  n_splits: 100
  n_trials: 1
model:
  basepoint: false
  diff: false
  dropout: 0.9
  gnn_type: GSN
  jk_type: null
  l2_reg: 0.01
  learn_embedding: false
  n_depth: 1
  n_features: 64
  n_levels: 2
  n_post: 0
  n_pre: 0
  n_steps: 5
  norm_type: layer
opt:
  es_patience: 50
  lr_init: 0.01
  mode: min
  monitor: val_loss
  n_epochs: 1000
results:
  test:
    acc: 0.6839038729667664
    auprc: 0.73847895860672
    auroc: 0.9075927138328552
    loss: 1.5565353631973267
  train:
    acc: 0.9916666746139526
    auprc: 0.9952763915061951
    auroc: 0.9992799162864685
    loss: 0.5024489760398865
  val:
    acc: 0.7055555582046509
    auprc: 0.7249473333358765
    auroc: 0.8942021131515503
    loss: 1.6042096614837646
