data:
  dataset_name: cora,citeseer,pubmed
  khop: 2
experiment:
  n_splits: 100
  n_trials: 1
model:
  basepoint: false
  diff: false
  dropout: 0.9
  gnn_type: GSN
  jk_type: null
  l2_reg: 0.01
  learn_embedding: false
  n_depth: 1
  n_features: 64
  n_levels: 2
  n_post: 0
  n_pre: 0
  n_steps: 5
  norm_type: layer
opt:
  es_patience: 50
  lr_init: 0.01
  mode: min
  monitor: val_loss
  n_epochs: 1000
results:
  test:
    acc: 0.6545166969299316
    auprc: 0.7143391370773315
    auroc: 0.8834626078605652
    loss: 1.6127809286117554
  train:
    acc: 0.9916666746139526
    auprc: 1.0000001192092896
    auroc: 1.000000238418579
    loss: 0.40066465735435486
  val:
    acc: 0.6222221851348877
    auprc: 0.695269763469696
    auroc: 0.8920864462852478
    loss: 1.6425894498825073
