data:
  dataset_name: cora,citeseer,pubmed
experiment:
  n_splits: 100
  n_trials: 1
model:
  attn_dropout: 0.3
  basepoint: false
  diff: false
  dropout: 0.9
  gnn_type: GSAN
  jk_type: null
  l2_reg: 0.01
  learn_embedding: false
  n_depth: 1
  n_features: 64
  n_heads: 8
  n_levels: 2
  n_post: 0
  n_pre: 0
  n_steps: 5
  norm_type: layer
opt:
  es_patience: 50
  lr_init: 0.01
  mode: min
  monitor: val_loss
  n_epochs: 1000
results:
  test:
    acc: 0.6980507969856262
    auprc: 0.7328622937202454
    auroc: 0.9029905200004578
    loss: 1.540231704711914
  train:
    acc: 0.966666579246521
    auprc: 0.9951798915863037
    auroc: 0.999064028263092
    loss: 0.501875638961792
  val:
    acc: 0.6277777552604675
    auprc: 0.6794226169586182
    auroc: 0.8843774795532227
    loss: 1.7222888469696045
