data:
  dataset_name: cora,citeseer,pubmed
experiment:
  n_splits: 100
  n_trials: 1
model:
  attn_dropout: 0.3
  basepoint: false
  diff: false
  dropout: 0.9
  gnn_type: GSAN
  jk_type: null
  l2_reg: 0.01
  learn_embedding: false
  n_depth: 1
  n_features: 64
  n_heads: 8
  n_levels: 2
  n_post: 0
  n_pre: 0
  n_steps: 5
  norm_type: layer
opt:
  es_patience: 50
  lr_init: 0.01
  mode: min
  monitor: val_loss
  n_epochs: 1000
results:
  test:
    acc: 0.6937562823295593
    auprc: 0.7368792295455933
    auroc: 0.9025095105171204
    loss: 1.5363825559616089
  train:
    acc: 0.9916666746139526
    auprc: 0.9999309778213501
    auroc: 0.9999864101409912
    loss: 0.49714207649230957
  val:
    acc: 0.7277776598930359
    auprc: 0.751636803150177
    auroc: 0.9027402997016907
    loss: 1.4854079484939575
