data:
  dataset_name: cora,citeseer,pubmed
  khop: 1
experiment:
  n_splits: 100
  n_trials: 1
model:
  basepoint: false
  diff: false
  dropout: 0.9
  gnn_type: GSN
  jk_type: null
  l2_reg: 0.01
  learn_embedding: false
  n_depth: 1
  n_features: 64
  n_levels: 2
  n_post: 0
  n_pre: 0
  n_steps: 5
  norm_type: layer
opt:
  es_patience: 50
  lr_init: 0.01
  mode: min
  monitor: val_loss
  n_epochs: 1000
results:
  test:
    acc: 0.6900584697723389
    auprc: 0.729984700679779
    auroc: 0.892762303352356
    loss: 1.5853025913238525
  train:
    acc: 0.9833333492279053
    auprc: 0.999636709690094
    auroc: 0.9999291896820068
    loss: 0.4555363655090332
  val:
    acc: 0.6277778148651123
    auprc: 0.686240553855896
    auroc: 0.887505829334259
    loss: 1.6477540731430054
