data:
  dataset_name: cora,citeseer,pubmed
  khop: 1
experiment:
  n_splits: 100
  n_trials: 1
model:
  attn_dropout: 0.3
  basepoint: false
  diff: false
  dropout: 0.9
  gnn_type: GSAN
  jk_type: null
  l2_reg: 0.01
  learn_embedding: false
  n_depth: 1
  n_features: 64
  n_heads: 8
  n_levels: 2
  n_post: 0
  n_pre: 0
  n_steps: 5
  norm_type: layer
opt:
  es_patience: 50
  lr_init: 0.01
  mode: min
  monitor: val_loss
  n_epochs: 1000
results:
  test:
    acc: 0.6603360772132874
    auprc: 0.7065281867980957
    auroc: 0.8933855891227722
    loss: 1.5700719356536865
  train:
    acc: 0.9833333492279053
    auprc: 0.9983512163162231
    auroc: 0.9996457695960999
    loss: 0.533173680305481
  val:
    acc: 0.6722221970558167
    auprc: 0.704216480255127
    auroc: 0.8949369788169861
    loss: 1.5625169277191162
