data:
  dataset_name: cora,citeseer,pubmed
  khop: 1
experiment:
  n_splits: 100
  n_trials: 1
model:
  basepoint: false
  diff: false
  dropout: 0.9
  gnn_type: GSN
  jk_type: null
  l2_reg: 0.01
  learn_embedding: false
  n_depth: 1
  n_features: 64
  n_levels: 2
  n_post: 0
  n_pre: 0
  n_steps: 5
  norm_type: layer
opt:
  es_patience: 50
  lr_init: 0.01
  mode: min
  monitor: val_loss
  n_epochs: 1000
results:
  test:
    acc: 0.6938181519508362
    auprc: 0.7500001192092896
    auroc: 0.9060530662536621
    loss: 1.5056967735290527
  train:
    acc: 0.9916667342185974
    auprc: 0.9971304535865784
    auroc: 0.9995177388191223
    loss: 0.3677384853363037
  val:
    acc: 0.6722223162651062
    auprc: 0.7372661232948303
    auroc: 0.9013480544090271
    loss: 1.5457009077072144
