data:
  dataset_name: cora,citeseer,pubmed
  khop: 2
experiment:
  n_splits: 100
  n_trials: 1
model:
  basepoint: false
  diff: false
  dropout: 0.9
  gnn_type: GSN
  jk_type: null
  l2_reg: 0.01
  learn_embedding: false
  n_depth: 1
  n_features: 64
  n_levels: 2
  n_post: 0
  n_pre: 0
  n_steps: 5
  norm_type: layer
opt:
  es_patience: 50
  lr_init: 0.01
  mode: min
  monitor: val_loss
  n_epochs: 1000
results:
  test:
    acc: 0.6398763656616211
    auprc: 0.6729120016098022
    auroc: 0.8796846270561218
    loss: 1.640824794769287
  train:
    acc: 0.9833333492279053
    auprc: 1.0000001192092896
    auroc: 1.0000001192092896
    loss: 0.3481430411338806
  val:
    acc: 0.6666666865348816
    auprc: 0.6818617582321167
    auroc: 0.8918582201004028
    loss: 1.5405993461608887
