data:
  dataset_name: cora,citeseer,pubmed
  khop: 1
experiment:
  n_splits: 100
  n_trials: 1
model:
  attn_dropout: 0.3
  basepoint: false
  diff: false
  dropout: 0.9
  gnn_type: GSAN
  jk_type: null
  l2_reg: 0.01
  learn_embedding: false
  n_depth: 1
  n_features: 64
  n_heads: 8
  n_levels: 2
  n_post: 0
  n_pre: 0
  n_steps: 5
  norm_type: layer
opt:
  es_patience: 50
  lr_init: 0.01
  mode: min
  monitor: val_loss
  n_epochs: 1000
results:
  test:
    acc: 0.6818181276321411
    auprc: 0.7115286588668823
    auroc: 0.8918294906616211
    loss: 1.5858960151672363
  train:
    acc: 0.9749999046325684
    auprc: 0.9961252808570862
    auroc: 0.9991251230239868
    loss: 0.48086655139923096
  val:
    acc: 0.6888888478279114
    auprc: 0.6506185531616211
    auroc: 0.8647202849388123
    loss: 1.7219722270965576
