data:
  dataset_name: cora,citeseer,pubmed
  khop: 2
experiment:
  n_splits: 100
  n_trials: 1
model:
  basepoint: false
  diff: false
  dropout: 0.9
  gnn_type: GSN
  jk_type: null
  l2_reg: 0.01
  learn_embedding: false
  n_depth: 1
  n_features: 64
  n_levels: 2
  n_post: 0
  n_pre: 0
  n_steps: 5
  norm_type: layer
opt:
  es_patience: 50
  lr_init: 0.01
  mode: min
  monitor: val_loss
  n_epochs: 1000
results:
  test:
    acc: 0.6438791751861572
    auprc: 0.6928095817565918
    auroc: 0.8919064402580261
    loss: 1.5716395378112793
  train:
    acc: 0.9916666746139526
    auprc: 1.0
    auroc: 0.9999998807907104
    loss: 0.4194408357143402
  val:
    acc: 0.638888955116272
    auprc: 0.6654754281044006
    auroc: 0.872466504573822
    loss: 1.6832497119903564
