data:
  dataset_name: cora,citeseer,pubmed
  khop: 1
experiment:
  n_splits: 100
  n_trials: 1
model:
  attn_dropout: 0.3
  basepoint: false
  diff: false
  dropout: 0.9
  gnn_type: GSAN
  jk_type: null
  l2_reg: 0.01
  learn_embedding: false
  n_depth: 1
  n_features: 64
  n_heads: 8
  n_levels: 2
  n_post: 0
  n_pre: 0
  n_steps: 5
  norm_type: layer
opt:
  es_patience: 50
  lr_init: 0.01
  mode: min
  monitor: val_loss
  n_epochs: 1000
results:
  test:
    acc: 0.6536189317703247
    auprc: 0.6908503770828247
    auroc: 0.890889585018158
    loss: 1.6085209846496582
  train:
    acc: 0.9750000238418579
    auprc: 0.9971631765365601
    auroc: 0.9993711113929749
    loss: 0.5699505805969238
  val:
    acc: 0.644444465637207
    auprc: 0.6589227914810181
    auroc: 0.8748257160186768
    loss: 1.7776687145233154
