data:
  dataset_name: cora,citeseer,pubmed
  khop: 1
experiment:
  n_splits: 100
  n_trials: 1
model:
  basepoint: false
  diff: false
  dropout: 0.9
  gnn_type: GSN
  jk_type: null
  l2_reg: 0.01
  learn_embedding: false
  n_depth: 1
  n_features: 64
  n_levels: 2
  n_post: 0
  n_pre: 0
  n_steps: 5
  norm_type: layer
opt:
  es_patience: 50
  lr_init: 0.01
  mode: min
  monitor: val_loss
  n_epochs: 1000
results:
  test:
    acc: 0.6782544851303101
    auprc: 0.7292795777320862
    auroc: 0.9003947377204895
    loss: 1.5129213333129883
  train:
    acc: 0.9916666150093079
    auprc: 1.0
    auroc: 0.9999998211860657
    loss: 0.3776811361312866
  val:
    acc: 0.6833333373069763
    auprc: 0.7289159297943115
    auroc: 0.9097821116447449
    loss: 1.4415463209152222
