data:
  dataset_name: cora,citeseer,pubmed
  khop: 2
experiment:
  n_splits: 100
  n_trials: 1
model:
  basepoint: false
  diff: false
  dropout: 0.9
  gnn_type: GSN
  jk_type: null
  l2_reg: 0.01
  learn_embedding: false
  n_depth: 1
  n_features: 64
  n_levels: 2
  n_post: 0
  n_pre: 0
  n_steps: 5
  norm_type: layer
opt:
  es_patience: 50
  lr_init: 0.01
  mode: min
  monitor: val_loss
  n_epochs: 1000
results:
  test:
    acc: 0.6488549709320068
    auprc: 0.6940152645111084
    auroc: 0.8870916366577148
    loss: 1.5647445917129517
  train:
    acc: 0.9916666746139526
    auprc: 0.9999998211860657
    auroc: 1.0
    loss: 0.3776871860027313
  val:
    acc: 0.6277778744697571
    auprc: 0.6846472024917603
    auroc: 0.8778328895568848
    loss: 1.6307116746902466
