data:
  dataset_name: cora,citeseer,pubmed
experiment:
  n_splits: 100
  n_trials: 1
model:
  attn_dropout: 0.3
  basepoint: false
  diff: false
  dropout: 0.9
  gnn_type: GSAN
  jk_type: null
  l2_reg: 0.01
  learn_embedding: false
  n_depth: 1
  n_features: 64
  n_heads: 8
  n_levels: 2
  n_post: 0
  n_pre: 0
  n_steps: 5
  norm_type: layer
opt:
  es_patience: 50
  lr_init: 0.01
  mode: min
  monitor: val_loss
  n_epochs: 1000
results:
  test:
    acc: 0.6448630094528198
    auprc: 0.6772894263267517
    auroc: 0.8777119517326355
    loss: 1.6262167692184448
  train:
    acc: 0.9750000238418579
    auprc: 0.9977178573608398
    auroc: 0.9995775818824768
    loss: 0.4352358877658844
  val:
    acc: 0.6222223043441772
    auprc: 0.6855182647705078
    auroc: 0.872654378414154
    loss: 1.7038406133651733
