data:
  dataset_name: cora,citeseer
  khop: 2
experiment:
  n_splits: 100
  n_trials: 1
model:
  basepoint: false
  diff: false
  dropout: 0.9
  gnn_type: GSN
  jk_type: null
  l2_reg: 0.01
  learn_embedding: false
  n_depth: 1
  n_features: 64
  n_levels: 2
  n_post: 0
  n_pre: 0
  n_steps: 5
  norm_type: layer
opt:
  es_patience: 50
  lr_init: 0.01
  mode: min
  monitor: val_loss
  n_epochs: 1000
results:
  test:
    acc: 0.6490683555603027
    auprc: 0.6769973039627075
    auroc: 0.8781814575195312
    loss: 1.6484978199005127
  train:
    acc: 0.9916666746139526
    auprc: 0.9999999403953552
    auroc: 1.000000238418579
    loss: 0.32441458106040955
  val:
    acc: 0.6166666746139526
    auprc: 0.6644611954689026
    auroc: 0.866095781326294
    loss: 1.735271692276001
