data:
  dataset_name: cora,citeseer,pubmed
  khop: 1
experiment:
  n_splits: 100
  n_trials: 1
model:
  attn_dropout: 0.3
  basepoint: false
  diff: false
  dropout: 0.9
  gnn_type: GSAN
  jk_type: null
  l2_reg: 0.01
  learn_embedding: false
  n_depth: 1
  n_features: 64
  n_heads: 8
  n_levels: 2
  n_post: 0
  n_pre: 0
  n_steps: 5
  norm_type: layer
opt:
  es_patience: 50
  lr_init: 0.01
  mode: min
  monitor: val_loss
  n_epochs: 1000
results:
  test:
    acc: 0.680515706539154
    auprc: 0.7117614150047302
    auroc: 0.8929685354232788
    loss: 1.562849760055542
  train:
    acc: 0.98333340883255
    auprc: 0.9984660744667053
    auroc: 0.9997132420539856
    loss: 0.42288199067115784
  val:
    acc: 0.6777778267860413
    auprc: 0.7104282975196838
    auroc: 0.8888944387435913
    loss: 1.5858395099639893
