data:
  dataset_name: cora,citeseer,pubmed
experiment:
  n_splits: 100
  n_trials: 1
model:
  attn_dropout: 0.3
  basepoint: false
  diff: false
  dropout: 0.9
  gnn_type: GSAN
  jk_type: null
  l2_reg: 0.01
  learn_embedding: false
  n_depth: 1
  n_features: 64
  n_heads: 8
  n_levels: 2
  n_post: 0
  n_pre: 0
  n_steps: 5
  norm_type: layer
opt:
  es_patience: 50
  lr_init: 0.01
  mode: min
  monitor: val_loss
  n_epochs: 1000
results:
  test:
    acc: 0.6940866112709045
    auprc: 0.7358237504959106
    auroc: 0.9064512848854065
    loss: 1.447629690170288
  train:
    acc: 0.9833333492279053
    auprc: 0.9993808269500732
    auroc: 0.9998739361763
    loss: 0.47933053970336914
  val:
    acc: 0.7111110687255859
    auprc: 0.734485924243927
    auroc: 0.9117475748062134
    loss: 1.4041656255722046
