data:
  dataset_name: cora,citeseer,pubmed
  khop: 1
experiment:
  n_splits: 100
  n_trials: 1
model:
  basepoint: false
  diff: false
  dropout: 0.9
  gnn_type: GSN
  jk_type: null
  l2_reg: 0.01
  learn_embedding: false
  n_depth: 1
  n_features: 64
  n_levels: 2
  n_post: 0
  n_pre: 0
  n_steps: 5
  norm_type: layer
opt:
  es_patience: 50
  lr_init: 0.01
  mode: min
  monitor: val_loss
  n_epochs: 1000
results:
  test:
    acc: 0.6730485558509827
    auprc: 0.7235749363899231
    auroc: 0.9048389196395874
    loss: 1.5674949884414673
  train:
    acc: 0.9916666746139526
    auprc: 0.9976727962493896
    auroc: 0.9995948672294617
    loss: 0.5176925659179688
  val:
    acc: 0.699999988079071
    auprc: 0.7427005767822266
    auroc: 0.9072355031967163
    loss: 1.535509705543518
