data:
  dataset_name: cora,citeseer,pubmed
  khop: 1
experiment:
  n_splits: 100
  n_trials: 1
model:
  attn_dropout: 0.3
  basepoint: false
  diff: false
  dropout: 0.9
  gnn_type: GSAN
  jk_type: null
  l2_reg: 0.01
  learn_embedding: false
  n_depth: 1
  n_features: 64
  n_heads: 8
  n_levels: 2
  n_post: 0
  n_pre: 0
  n_steps: 5
  norm_type: layer
opt:
  es_patience: 50
  lr_init: 0.01
  mode: min
  monitor: val_loss
  n_epochs: 1000
results:
  test:
    acc: 0.6145375370979309
    auprc: 0.6419467329978943
    auroc: 0.8712814450263977
    loss: 1.7206473350524902
  train:
    acc: 0.9750000834465027
    auprc: 0.9984011650085449
    auroc: 0.9996641278266907
    loss: 0.6086394786834717
  val:
    acc: 0.6111111640930176
    auprc: 0.6117954254150391
    auroc: 0.8596814870834351
    loss: 1.76363205909729
