data:
  dataset_name: cora,citeseer,pubmed
  khop: 2
experiment:
  n_splits: 100
  n_trials: 1
model:
  basepoint: false
  diff: false
  dropout: 0.9
  gnn_type: GSN
  jk_type: null
  l2_reg: 0.01
  learn_embedding: false
  n_depth: 1
  n_features: 64
  n_levels: 2
  n_post: 0
  n_pre: 0
  n_steps: 5
  norm_type: layer
opt:
  es_patience: 50
  lr_init: 0.01
  mode: min
  monitor: val_loss
  n_epochs: 1000
results:
  test:
    acc: 0.653124988079071
    auprc: 0.7306565046310425
    auroc: 0.8900949358940125
    loss: 1.619966745376587
  train:
    acc: 0.9916666746139526
    auprc: 0.9933045506477356
    auroc: 0.9990842342376709
    loss: 0.4947585463523865
  val:
    acc: 0.605555534362793
    auprc: 0.6653372049331665
    auroc: 0.8630001544952393
    loss: 1.8265693187713623
