data:
  dataset_name: cora,citeseer,pubmed
experiment:
  n_splits: 100
  n_trials: 1
model:
  attn_dropout: 0.3
  basepoint: false
  diff: false
  dropout: 0.9
  gnn_type: GSAN
  jk_type: null
  l2_reg: 0.01
  learn_embedding: false
  n_depth: 1
  n_features: 64
  n_heads: 8
  n_levels: 2
  n_post: 0
  n_pre: 0
  n_steps: 5
  norm_type: layer
opt:
  es_patience: 50
  lr_init: 0.01
  mode: min
  monitor: val_loss
  n_epochs: 1000
results:
  test:
    acc: 0.6679881811141968
    auprc: 0.7072687745094299
    auroc: 0.8964025378227234
    loss: 1.533536434173584
  train:
    acc: 0.9833333492279053
    auprc: 0.9989014267921448
    auroc: 0.999777615070343
    loss: 0.48927292227745056
  val:
    acc: 0.7388888597488403
    auprc: 0.7374691963195801
    auroc: 0.9064815044403076
    loss: 1.413662075996399
