data:
  dataset_name: cora,citeseer,pubmed
experiment:
  n_splits: 100
  n_trials: 1
model:
  attn_dropout: 0.3
  basepoint: false
  diff: false
  dropout: 0.9
  gnn_type: GSAN
  jk_type: null
  l2_reg: 0.01
  learn_embedding: false
  n_depth: 1
  n_features: 64
  n_heads: 8
  n_levels: 2
  n_post: 0
  n_pre: 0
  n_steps: 5
  norm_type: layer
opt:
  es_patience: 50
  lr_init: 0.01
  mode: min
  monitor: val_loss
  n_epochs: 1000
results:
  test:
    acc: 0.6815329790115356
    auprc: 0.7228540778160095
    auroc: 0.9008067846298218
    loss: 1.5569766759872437
  train:
    acc: 0.966666579246521
    auprc: 0.9983115196228027
    auroc: 0.9996576309204102
    loss: 0.5474430322647095
  val:
    acc: 0.6500000357627869
    auprc: 0.6820151805877686
    auroc: 0.8697506785392761
    loss: 1.7401072978973389
