data:
  dataset_name: cora,citeseer,pubmed
  khop: 2
experiment:
  n_splits: 100
  n_trials: 1
model:
  basepoint: false
  diff: false
  dropout: 0.9
  gnn_type: GSN
  jk_type: null
  l2_reg: 0.01
  learn_embedding: false
  n_depth: 1
  n_features: 64
  n_levels: 2
  n_post: 0
  n_pre: 0
  n_steps: 5
  norm_type: layer
opt:
  es_patience: 50
  lr_init: 0.01
  mode: min
  monitor: val_loss
  n_epochs: 1000
results:
  test:
    acc: 0.6501597166061401
    auprc: 0.7003481388092041
    auroc: 0.8916664719581604
    loss: 1.5785043239593506
  train:
    acc: 0.9916667342185974
    auprc: 0.9981198310852051
    auroc: 0.9996644258499146
    loss: 0.4862290620803833
  val:
    acc: 0.605555534362793
    auprc: 0.6523287892341614
    auroc: 0.8800495862960815
    loss: 1.6831395626068115
