data:
  dataset_name: cora,citeseer,pubmed
  khop: 1
experiment:
  n_splits: 100
  n_trials: 1
model:
  attn_dropout: 0.3
  basepoint: false
  diff: false
  dropout: 0.9
  gnn_type: GSAN
  jk_type: null
  l2_reg: 0.01
  learn_embedding: false
  n_depth: 1
  n_features: 64
  n_heads: 8
  n_levels: 2
  n_post: 0
  n_pre: 0
  n_steps: 5
  norm_type: layer
opt:
  es_patience: 50
  lr_init: 0.01
  mode: min
  monitor: val_loss
  n_epochs: 1000
results:
  test:
    acc: 0.6553254723548889
    auprc: 0.6912747621536255
    auroc: 0.8870450258255005
    loss: 1.5974671840667725
  train:
    acc: 0.9916666746139526
    auprc: 0.9996016025543213
    auroc: 0.999916672706604
    loss: 0.4113715589046478
  val:
    acc: 0.6611111760139465
    auprc: 0.7039465308189392
    auroc: 0.8917965292930603
    loss: 1.5937453508377075
