data:
  dataset_name: cora,citeseer,pubmed
  khop: 2
experiment:
  n_splits: 100
  n_trials: 1
model:
  basepoint: false
  diff: false
  dropout: 0.9
  gnn_type: GSN
  jk_type: null
  l2_reg: 0.01
  learn_embedding: false
  n_depth: 1
  n_features: 64
  n_levels: 2
  n_post: 0
  n_pre: 0
  n_steps: 5
  norm_type: layer
opt:
  es_patience: 50
  lr_init: 0.01
  mode: min
  monitor: val_loss
  n_epochs: 1000
results:
  test:
    acc: 0.6619496941566467
    auprc: 0.6733883023262024
    auroc: 0.8863133788108826
    loss: 1.6520017385482788
  train:
    acc: 0.9833332300186157
    auprc: 0.998609721660614
    auroc: 0.999746561050415
    loss: 0.5210503935813904
  val:
    acc: 0.6055555939674377
    auprc: 0.6678176522254944
    auroc: 0.8692795634269714
    loss: 1.757065773010254
