data:
  dataset_name: cora,citeseer,pubmed
  khop: 1
experiment:
  n_splits: 100
  n_trials: 1
model:
  basepoint: false
  diff: false
  dropout: 0.9
  gnn_type: GSN
  jk_type: null
  l2_reg: 0.01
  learn_embedding: false
  n_depth: 1
  n_features: 64
  n_levels: 2
  n_post: 0
  n_pre: 0
  n_steps: 5
  norm_type: layer
opt:
  es_patience: 50
  lr_init: 0.01
  mode: min
  monitor: val_loss
  n_epochs: 1000
results:
  test:
    acc: 0.6706055998802185
    auprc: 0.7167165279388428
    auroc: 0.8967164158821106
    loss: 1.5634180307388306
  train:
    acc: 0.9916667342185974
    auprc: 0.999929666519165
    auroc: 0.999985933303833
    loss: 0.38896167278289795
  val:
    acc: 0.644444465637207
    auprc: 0.6754580736160278
    auroc: 0.8803054690361023
    loss: 1.724815845489502
