data:
  dataset_name: cora,citeseer,pubmed
  khop: 2
experiment:
  n_splits: 100
  n_trials: 1
model:
  basepoint: false
  diff: false
  dropout: 0.9
  gnn_type: GSN
  jk_type: null
  l2_reg: 0.01
  learn_embedding: false
  n_depth: 1
  n_features: 64
  n_levels: 2
  n_post: 0
  n_pre: 0
  n_steps: 5
  norm_type: layer
opt:
  es_patience: 50
  lr_init: 0.01
  mode: min
  monitor: val_loss
  n_epochs: 1000
results:
  test:
    acc: 0.657686173915863
    auprc: 0.7307630181312561
    auroc: 0.9055531024932861
    loss: 1.5203443765640259
  train:
    acc: 0.98333340883255
    auprc: 1.0000001192092896
    auroc: 1.0000001192092896
    loss: 0.47824257612228394
  val:
    acc: 0.5888888835906982
    auprc: 0.6218630075454712
    auroc: 0.8601836562156677
    loss: 1.7456693649291992
