data:
  dataset_name: cora,citeseer,pubmed
  khop: 2
experiment:
  n_splits: 100
  n_trials: 1
model:
  basepoint: false
  diff: false
  dropout: 0.9
  gnn_type: GSN
  jk_type: null
  l2_reg: 0.01
  learn_embedding: false
  n_depth: 1
  n_features: 64
  n_levels: 2
  n_post: 0
  n_pre: 0
  n_steps: 5
  norm_type: layer
opt:
  es_patience: 50
  lr_init: 0.01
  mode: min
  monitor: val_loss
  n_epochs: 1000
results:
  test:
    acc: 0.6204724311828613
    auprc: 0.7067702412605286
    auroc: 0.8976947665214539
    loss: 1.556862473487854
  train:
    acc: 1.0
    auprc: 1.0
    auroc: 0.9999998807907104
    loss: 0.5178332328796387
  val:
    acc: 0.6166666150093079
    auprc: 0.6595692038536072
    auroc: 0.8771137595176697
    loss: 1.6884360313415527
