data:
  dataset_name: cora,citeseer,pubmed
  khop: 1
experiment:
  n_splits: 100
  n_trials: 1
model:
  attn_dropout: 0.3
  basepoint: false
  diff: false
  dropout: 0.9
  gnn_type: GSAN
  jk_type: null
  l2_reg: 0.01
  learn_embedding: false
  n_depth: 1
  n_features: 64
  n_heads: 8
  n_levels: 2
  n_post: 0
  n_pre: 0
  n_steps: 5
  norm_type: layer
opt:
  es_patience: 50
  lr_init: 0.01
  mode: min
  monitor: val_loss
  n_epochs: 1000
results:
  test:
    acc: 0.6659356951713562
    auprc: 0.6929993033409119
    auroc: 0.878900945186615
    loss: 1.7232633829116821
  train:
    acc: 0.9583333730697632
    auprc: 0.9967803955078125
    auroc: 0.9993127584457397
    loss: 0.49509501457214355
  val:
    acc: 0.6055555939674377
    auprc: 0.6527051329612732
    auroc: 0.8590239882469177
    loss: 1.8399771451950073
