data:
  dataset_name: cora,citeseer,pubmed
  khop: 1
experiment:
  n_splits: 100
  n_trials: 1
model:
  basepoint: false
  diff: false
  dropout: 0.9
  gnn_type: GSN
  jk_type: null
  l2_reg: 0.01
  learn_embedding: false
  n_depth: 1
  n_features: 64
  n_levels: 2
  n_post: 0
  n_pre: 0
  n_steps: 5
  norm_type: layer
opt:
  es_patience: 50
  lr_init: 0.01
  mode: min
  monitor: val_loss
  n_epochs: 1000
results:
  test:
    acc: 0.6661742925643921
    auprc: 0.7066819071769714
    auroc: 0.8920894265174866
    loss: 1.6024291515350342
  train:
    acc: 0.9833333492279053
    auprc: 0.9997926950454712
    auroc: 0.9999584555625916
    loss: 0.4772212505340576
  val:
    acc: 0.6611111164093018
    auprc: 0.6738866567611694
    auroc: 0.8786698579788208
    loss: 1.72209632396698
