data:
  dataset_name: cora,citeseer,pubmed
  khop: 2
experiment:
  n_splits: 100
  n_trials: 1
model:
  attn_dropout: 0.3
  basepoint: false
  diff: false
  dropout: 0.9
  gnn_type: GSAN
  jk_type: null
  l2_reg: 0.01
  learn_embedding: false
  n_depth: 1
  n_features: 64
  n_heads: 8
  n_levels: 2
  n_post: 0
  n_pre: 0
  n_steps: 5
  norm_type: layer
opt:
  es_patience: 50
  lr_init: 0.01
  mode: min
  monitor: val_loss
  n_epochs: 1000
results:
  test:
    acc: 0.6078740954399109
    auprc: 0.6362188458442688
    auroc: 0.8598853945732117
    loss: 1.7209206819534302
  train:
    acc: 0.9833332300186157
    auprc: 0.9990250468254089
    auroc: 0.9997918009757996
    loss: 0.4794127941131592
  val:
    acc: 0.6222221851348877
    auprc: 0.6653470993041992
    auroc: 0.8801009654998779
    loss: 1.646195888519287
