data:
  dataset_name: cora,citeseer,pubmed
experiment:
  n_splits: 100
  n_trials: 1
model:
  attn_dropout: 0.3
  basepoint: false
  diff: false
  dropout: 0.9
  gnn_type: GSAN
  jk_type: null
  l2_reg: 0.01
  learn_embedding: false
  n_depth: 1
  n_features: 64
  n_heads: 8
  n_levels: 2
  n_post: 0
  n_pre: 0
  n_steps: 5
  norm_type: layer
opt:
  es_patience: 50
  lr_init: 0.01
  mode: min
  monitor: val_loss
  n_epochs: 1000
results:
  test:
    acc: 0.6934258937835693
    auprc: 0.7248132228851318
    auroc: 0.8996295928955078
    loss: 1.5774785280227661
  train:
    acc: 0.9833333492279053
    auprc: 0.9992421865463257
    auroc: 0.9998472929000854
    loss: 0.5964242815971375
  val:
    acc: 0.6666666865348816
    auprc: 0.667828381061554
    auroc: 0.8757749795913696
    loss: 1.7420412302017212
