data:
  dataset_name: cora,citeseer,pubmed
  khop: 1
experiment:
  n_splits: 100
  n_trials: 1
model:
  attn_dropout: 0.3
  basepoint: false
  diff: false
  dropout: 0.9
  gnn_type: GSAN
  jk_type: null
  l2_reg: 0.01
  learn_embedding: false
  n_depth: 1
  n_features: 64
  n_heads: 8
  n_levels: 2
  n_post: 0
  n_pre: 0
  n_steps: 5
  norm_type: layer
opt:
  es_patience: 50
  lr_init: 0.01
  mode: min
  monitor: val_loss
  n_epochs: 1000
results:
  test:
    acc: 0.6614582538604736
    auprc: 0.6932665109634399
    auroc: 0.8858073353767395
    loss: 1.6786606311798096
  train:
    acc: 0.9916666746139526
    auprc: 0.999695897102356
    auroc: 0.9999375343322754
    loss: 0.4622114896774292
  val:
    acc: 0.6611111164093018
    auprc: 0.7067806720733643
    auroc: 0.8871389627456665
    loss: 1.6984522342681885
