data:
  dataset_name: cora,citeseer,pubmed
  khop: 2
experiment:
  n_splits: 100
  n_trials: 1
model:
  basepoint: false
  diff: false
  dropout: 0.9
  gnn_type: GSN
  jk_type: null
  l2_reg: 0.01
  learn_embedding: false
  n_depth: 1
  n_features: 64
  n_levels: 2
  n_post: 0
  n_pre: 0
  n_steps: 5
  norm_type: layer
opt:
  es_patience: 50
  lr_init: 0.01
  mode: min
  monitor: val_loss
  n_epochs: 1000
results:
  test:
    acc: 0.6592710614204407
    auprc: 0.7020384073257446
    auroc: 0.8821714520454407
    loss: 1.6536649465560913
  train:
    acc: 0.9833333492279053
    auprc: 1.000000238418579
    auroc: 1.000000238418579
    loss: 0.3316432535648346
  val:
    acc: 0.6555556058883667
    auprc: 0.7160629630088806
    auroc: 0.8844783902168274
    loss: 1.6172648668289185
