data:
  dataset_name: cora,citeseer,pubmed
  khop: 2
experiment:
  n_splits: 100
  n_trials: 1
model:
  attn_dropout: 0.3
  basepoint: false
  diff: false
  dropout: 0.9
  gnn_type: GSAN
  jk_type: null
  l2_reg: 0.01
  learn_embedding: false
  n_depth: 1
  n_features: 64
  n_heads: 8
  n_levels: 2
  n_post: 0
  n_pre: 0
  n_steps: 5
  norm_type: layer
opt:
  es_patience: 50
  lr_init: 0.01
  mode: min
  monitor: val_loss
  n_epochs: 1000
results:
  test:
    acc: 0.6230529546737671
    auprc: 0.6809244155883789
    auroc: 0.8790753483772278
    loss: 1.6190820932388306
  train:
    acc: 0.9500000476837158
    auprc: 0.9926527142524719
    auroc: 0.9983569979667664
    loss: 0.4905701279640198
  val:
    acc: 0.6444444060325623
    auprc: 0.6818434000015259
    auroc: 0.8853912949562073
    loss: 1.6176918745040894
