data:
  dataset_name: cora,citeseer,pubmed
experiment:
  n_splits: 100
  n_trials: 1
model:
  attn_dropout: 0.3
  basepoint: false
  diff: false
  dropout: 0.9
  gnn_type: GSAN
  jk_type: null
  l2_reg: 0.01
  learn_embedding: false
  n_depth: 1
  n_features: 64
  n_heads: 8
  n_levels: 2
  n_post: 0
  n_pre: 0
  n_steps: 5
  norm_type: layer
opt:
  es_patience: 50
  lr_init: 0.01
  mode: min
  monitor: val_loss
  n_epochs: 1000
results:
  test:
    acc: 0.6861580014228821
    auprc: 0.7243198156356812
    auroc: 0.9018118977546692
    loss: 1.57247793674469
  train:
    acc: 0.9749999642372131
    auprc: 0.9853143692016602
    auroc: 0.9985182285308838
    loss: 0.489551305770874
  val:
    acc: 0.7166668176651001
    auprc: 0.7657531499862671
    auroc: 0.9113680124282837
    loss: 1.4610329866409302
