data:
  dataset_name: cora,citeseer,pubmed
experiment:
  n_splits: 100
  n_trials: 1
model:
  attn_dropout: 0.3
  basepoint: false
  diff: false
  dropout: 0.9
  gnn_type: GSAN
  jk_type: null
  l2_reg: 0.01
  learn_embedding: false
  n_depth: 1
  n_features: 64
  n_heads: 8
  n_levels: 2
  n_post: 0
  n_pre: 0
  n_steps: 5
  norm_type: layer
opt:
  es_patience: 50
  lr_init: 0.01
  mode: min
  monitor: val_loss
  n_epochs: 1000
results:
  test:
    acc: 0.6669970750808716
    auprc: 0.6908696889877319
    auroc: 0.8829865455627441
    loss: 1.677182674407959
  train:
    acc: 1.0
    auprc: 0.9998294711112976
    auroc: 0.9999654293060303
    loss: 0.3092692196369171
  val:
    acc: 0.6722221970558167
    auprc: 0.7443674802780151
    auroc: 0.8982975482940674
    loss: 1.5289380550384521
