data:
  dataset_name: cora,citeseer,pubmed
experiment:
  n_splits: 100
  n_trials: 1
model:
  attn_dropout: 0.3
  basepoint: false
  diff: false
  dropout: 0.9
  gnn_type: GSAN
  jk_type: null
  l2_reg: 0.01
  learn_embedding: false
  n_depth: 1
  n_features: 64
  n_heads: 8
  n_levels: 2
  n_post: 0
  n_pre: 0
  n_steps: 5
  norm_type: layer
opt:
  es_patience: 50
  lr_init: 0.01
  mode: min
  monitor: val_loss
  n_epochs: 1000
results:
  test:
    acc: 0.6924347877502441
    auprc: 0.7307705879211426
    auroc: 0.9022945165634155
    loss: 1.5869123935699463
  train:
    acc: 0.9500000476837158
    auprc: 0.9959806203842163
    auroc: 0.9991194605827332
    loss: 0.5850189924240112
  val:
    acc: 0.6500000357627869
    auprc: 0.6687148213386536
    auroc: 0.8664240837097168
    loss: 1.8153166770935059
