data:
  dataset_name: cora,citeseer,pubmed
  khop: 2
experiment:
  n_splits: 100
  n_trials: 1
model:
  basepoint: false
  diff: false
  dropout: 0.9
  gnn_type: GSN
  jk_type: null
  l2_reg: 0.01
  learn_embedding: false
  n_depth: 1
  n_features: 64
  n_levels: 2
  n_post: 0
  n_pre: 0
  n_steps: 5
  norm_type: layer
opt:
  es_patience: 50
  lr_init: 0.01
  mode: min
  monitor: val_loss
  n_epochs: 1000
results:
  test:
    acc: 0.6319876909255981
    auprc: 0.6494117975234985
    auroc: 0.8687809705734253
    loss: 1.7059526443481445
  train:
    acc: 0.9916666746139526
    auprc: 0.9886314272880554
    auroc: 0.9987764954566956
    loss: 0.4336267113685608
  val:
    acc: 0.6611111760139465
    auprc: 0.7239381670951843
    auroc: 0.90408855676651
    loss: 1.4362982511520386
