data:
  dataset_name: cora,citeseer,pubmed
  khop: 2
experiment:
  n_splits: 100
  n_trials: 1
model:
  attn_dropout: 0.3
  basepoint: false
  diff: false
  dropout: 0.9
  gnn_type: GSAN
  jk_type: null
  l2_reg: 0.01
  learn_embedding: false
  n_depth: 1
  n_features: 64
  n_heads: 8
  n_levels: 2
  n_post: 0
  n_pre: 0
  n_steps: 5
  norm_type: layer
opt:
  es_patience: 50
  lr_init: 0.01
  mode: min
  monitor: val_loss
  n_epochs: 1000
results:
  test:
    acc: 0.5889763832092285
    auprc: 0.6227278113365173
    auroc: 0.8620411157608032
    loss: 1.7219810485839844
  train:
    acc: 0.966666579246521
    auprc: 0.9972742199897766
    auroc: 0.9994166493415833
    loss: 0.5162379145622253
  val:
    acc: 0.5999999642372131
    auprc: 0.6599723100662231
    auroc: 0.8706933259963989
    loss: 1.6352438926696777
