data:
  dataset_name: cora,citeseer,pubmed
  khop: 1
experiment:
  n_splits: 100
  n_trials: 1
model:
  basepoint: false
  diff: false
  dropout: 0.9
  gnn_type: GSN
  jk_type: null
  l2_reg: 0.01
  learn_embedding: false
  n_depth: 1
  n_features: 64
  n_levels: 2
  n_post: 0
  n_pre: 0
  n_steps: 5
  norm_type: layer
opt:
  es_patience: 50
  lr_init: 0.01
  mode: min
  monitor: val_loss
  n_epochs: 1000
results:
  test:
    acc: 0.6741819381713867
    auprc: 0.738233208656311
    auroc: 0.910611093044281
    loss: 1.4863001108169556
  train:
    acc: 0.9916666746139526
    auprc: 0.999929666519165
    auroc: 0.9999863505363464
    loss: 0.43232399225234985
  val:
    acc: 0.6111111044883728
    auprc: 0.6756299734115601
    auroc: 0.8745898008346558
    loss: 1.7240307331085205
