data:
  dataset_name: cora,citeseer,pubmed
  khop: 1
experiment:
  n_splits: 100
  n_trials: 1
model:
  basepoint: false
  diff: false
  dropout: 0.9
  gnn_type: GSN
  jk_type: null
  l2_reg: 0.01
  learn_embedding: false
  n_depth: 1
  n_features: 64
  n_levels: 2
  n_post: 0
  n_pre: 0
  n_steps: 5
  norm_type: layer
opt:
  es_patience: 50
  lr_init: 0.01
  mode: min
  monitor: val_loss
  n_epochs: 1000
results:
  test:
    acc: 0.6632653474807739
    auprc: 0.7123578786849976
    auroc: 0.8875367641448975
    loss: 1.6476924419403076
  train:
    acc: 0.9916666746139526
    auprc: 1.0
    auroc: 0.9999998211860657
    loss: 0.3186083734035492
  val:
    acc: 0.6666666865348816
    auprc: 0.7505895495414734
    auroc: 0.8994812369346619
    loss: 1.5306700468063354
