data:
  dataset_name: cora,citeseer,pubmed
  khop: 1
experiment:
  n_splits: 100
  n_trials: 1
model:
  attn_dropout: 0.3
  basepoint: false
  diff: false
  dropout: 0.9
  gnn_type: GSAN
  jk_type: null
  l2_reg: 0.01
  learn_embedding: false
  n_depth: 1
  n_features: 64
  n_heads: 8
  n_levels: 2
  n_post: 0
  n_pre: 0
  n_steps: 5
  norm_type: layer
opt:
  es_patience: 50
  lr_init: 0.01
  mode: min
  monitor: val_loss
  n_epochs: 1000
results:
  test:
    acc: 0.6765799522399902
    auprc: 0.6903910636901855
    auroc: 0.8855466246604919
    loss: 1.6857905387878418
  train:
    acc: 0.9666666388511658
    auprc: 0.9923927783966064
    auroc: 0.9987543821334839
    loss: 0.5366783738136292
  val:
    acc: 0.661111056804657
    auprc: 0.685482382774353
    auroc: 0.8934546113014221
    loss: 1.725534439086914
