data:
  dataset_name: cora,citeseer,pubmed
  khop: 2
experiment:
  n_splits: 100
  n_trials: 1
model:
  basepoint: false
  diff: false
  dropout: 0.9
  gnn_type: GSN
  jk_type: null
  l2_reg: 0.01
  learn_embedding: false
  n_depth: 1
  n_features: 64
  n_levels: 2
  n_post: 0
  n_pre: 0
  n_steps: 5
  norm_type: layer
opt:
  es_patience: 50
  lr_init: 0.01
  mode: min
  monitor: val_loss
  n_epochs: 1000
results:
  test:
    acc: 0.6308411359786987
    auprc: 0.689732015132904
    auroc: 0.8896399140357971
    loss: 1.5313451290130615
  train:
    acc: 1.0
    auprc: 1.0000011920928955
    auroc: 1.0000001192092896
    loss: 0.4255785644054413
  val:
    acc: 0.6055555939674377
    auprc: 0.6681865453720093
    auroc: 0.8900711536407471
    loss: 1.5368528366088867
