data:
  dataset_name: cora,citeseer,pubmed
  khop: 1
experiment:
  n_splits: 100
  n_trials: 1
model:
  attn_dropout: 0.3
  basepoint: false
  diff: false
  dropout: 0.9
  gnn_type: GSAN
  jk_type: null
  l2_reg: 0.01
  learn_embedding: false
  n_depth: 1
  n_features: 64
  n_heads: 8
  n_levels: 2
  n_post: 0
  n_pre: 0
  n_steps: 5
  norm_type: layer
opt:
  es_patience: 50
  lr_init: 0.01
  mode: min
  monitor: val_loss
  n_epochs: 1000
results:
  test:
    acc: 0.6516035199165344
    auprc: 0.6776100397109985
    auroc: 0.8756889700889587
    loss: 1.6929218769073486
  train:
    acc: 0.9916666746139526
    auprc: 0.9997255206108093
    auroc: 0.9999442100524902
    loss: 0.24643486738204956
  val:
    acc: 0.6500000357627869
    auprc: 0.7186794281005859
    auroc: 0.8824195265769958
    loss: 1.5332471132278442
