data:
  dataset_name: cora,citeseer,pubmed
  khop: 1
experiment:
  n_splits: 100
  n_trials: 1
model:
  basepoint: false
  diff: false
  dropout: 0.9
  gnn_type: GSN
  jk_type: null
  l2_reg: 0.01
  learn_embedding: false
  n_depth: 1
  n_features: 64
  n_levels: 2
  n_post: 0
  n_pre: 0
  n_steps: 5
  norm_type: layer
opt:
  es_patience: 50
  lr_init: 0.01
  mode: min
  monitor: val_loss
  n_epochs: 1000
results:
  test:
    acc: 0.6585185527801514
    auprc: 0.7048587203025818
    auroc: 0.8939626216888428
    loss: 1.6529903411865234
  train:
    acc: 1.0
    auprc: 0.9999998807907104
    auroc: 0.9999998807907104
    loss: 0.4976949393749237
  val:
    acc: 0.694444477558136
    auprc: 0.7073801755905151
    auroc: 0.8960528373718262
    loss: 1.5915405750274658
