data:
  dataset_name: cora,citeseer,pubmed
  khop: 1
experiment:
  n_splits: 100
  n_trials: 1
model:
  basepoint: false
  diff: false
  dropout: 0.9
  gnn_type: GSN
  jk_type: null
  l2_reg: 0.01
  learn_embedding: false
  n_depth: 1
  n_features: 64
  n_levels: 2
  n_post: 0
  n_pre: 0
  n_steps: 5
  norm_type: layer
opt:
  es_patience: 50
  lr_init: 0.01
  mode: min
  monitor: val_loss
  n_epochs: 1000
results:
  test:
    acc: 0.6573529243469238
    auprc: 0.7178578972816467
    auroc: 0.8901216387748718
    loss: 1.601014494895935
  train:
    acc: 0.98333340883255
    auprc: 0.9998200535774231
    auroc: 0.9999648332595825
    loss: 0.4229887127876282
  val:
    acc: 0.7333333492279053
    auprc: 0.8057040572166443
    auroc: 0.924506425857544
    loss: 1.2817097902297974
