data:
  dataset_name: cora,citeseer,pubmed
  khop: 2
experiment:
  n_splits: 100
  n_trials: 1
model:
  basepoint: false
  diff: false
  dropout: 0.9
  gnn_type: GSN
  jk_type: null
  l2_reg: 0.01
  learn_embedding: false
  n_depth: 1
  n_features: 64
  n_levels: 2
  n_post: 0
  n_pre: 0
  n_steps: 5
  norm_type: layer
opt:
  es_patience: 50
  lr_init: 0.01
  mode: min
  monitor: val_loss
  n_epochs: 1000
results:
  test:
    acc: 0.6336477398872375
    auprc: 0.7026782035827637
    auroc: 0.8856586217880249
    loss: 1.549039363861084
  train:
    acc: 1.0
    auprc: 1.0000005960464478
    auroc: 1.0
    loss: 0.3866461515426636
  val:
    acc: 0.605555534362793
    auprc: 0.6419190168380737
    auroc: 0.8779323697090149
    loss: 1.6458470821380615
