data:
  dataset_name: cora,citeseer,pubmed
experiment:
  n_splits: 100
  n_trials: 1
model:
  attn_dropout: 0.3
  basepoint: false
  diff: false
  dropout: 0.9
  gnn_type: GSAN
  jk_type: null
  l2_reg: 0.01
  learn_embedding: false
  n_depth: 1
  n_features: 64
  n_heads: 8
  n_levels: 2
  n_post: 0
  n_pre: 0
  n_steps: 5
  norm_type: layer
opt:
  es_patience: 50
  lr_init: 0.01
  mode: min
  monitor: val_loss
  n_epochs: 1000
results:
  test:
    acc: 0.6904525756835938
    auprc: 0.7222613096237183
    auroc: 0.9002034068107605
    loss: 1.6173337697982788
  train:
    acc: 0.966666579246521
    auprc: 0.9960736036300659
    auroc: 0.9992240071296692
    loss: 0.5123178362846375
  val:
    acc: 0.6777778267860413
    auprc: 0.726245641708374
    auroc: 0.8984711170196533
    loss: 1.6350808143615723
