data:
  dataset_name: cora,citeseer,pubmed
  khop: 1
experiment:
  n_splits: 100
  n_trials: 1
model:
  basepoint: false
  diff: false
  dropout: 0.9
  gnn_type: GSN
  jk_type: null
  l2_reg: 0.01
  learn_embedding: false
  n_depth: 1
  n_features: 64
  n_levels: 2
  n_post: 0
  n_pre: 0
  n_steps: 5
  norm_type: layer
opt:
  es_patience: 50
  lr_init: 0.01
  mode: min
  monitor: val_loss
  n_epochs: 1000
results:
  test:
    acc: 0.6776316165924072
    auprc: 0.7126212120056152
    auroc: 0.8941613435745239
    loss: 1.619663953781128
  train:
    acc: 0.9916666746139526
    auprc: 0.9996063113212585
    auroc: 0.9999234080314636
    loss: 0.4215795397758484
  val:
    acc: 0.694444477558136
    auprc: 0.7550326585769653
    auroc: 0.9147792458534241
    loss: 1.402909517288208
