data:
  dataset_name: cora,citeseer,pubmed
  khop: 1
experiment:
  n_splits: 100
  n_trials: 1
model:
  basepoint: false
  diff: false
  dropout: 0.9
  gnn_type: GSN
  jk_type: null
  l2_reg: 0.01
  learn_embedding: false
  n_depth: 1
  n_features: 64
  n_levels: 2
  n_post: 0
  n_pre: 0
  n_steps: 5
  norm_type: layer
opt:
  es_patience: 50
  lr_init: 0.01
  mode: min
  monitor: val_loss
  n_epochs: 1000
results:
  test:
    acc: 0.6849415302276611
    auprc: 0.7470759749412537
    auroc: 0.9050220847129822
    loss: 1.4715975522994995
  train:
    acc: 0.9833332896232605
    auprc: 0.9967281222343445
    auroc: 0.9994543790817261
    loss: 0.4022254943847656
  val:
    acc: 0.6555554866790771
    auprc: 0.7381097078323364
    auroc: 0.9042776823043823
    loss: 1.5090101957321167
