data:
  dataset_name: cora,citeseer,pubmed
  khop: 1
experiment:
  n_splits: 100
  n_trials: 1
model:
  attn_dropout: 0.3
  basepoint: false
  diff: false
  dropout: 0.9
  gnn_type: GSAN
  jk_type: null
  l2_reg: 0.01
  learn_embedding: false
  n_depth: 1
  n_features: 64
  n_heads: 8
  n_levels: 2
  n_post: 0
  n_pre: 0
  n_steps: 5
  norm_type: layer
opt:
  es_patience: 50
  lr_init: 0.01
  mode: min
  monitor: val_loss
  n_epochs: 1000
results:
  test:
    acc: 0.6727405786514282
    auprc: 0.7205281257629395
    auroc: 0.895179033279419
    loss: 1.5713711977005005
  train:
    acc: 0.9833333492279053
    auprc: 0.9993136525154114
    auroc: 0.9998601078987122
    loss: 0.4115602374076843
  val:
    acc: 0.7333333492279053
    auprc: 0.7582955360412598
    auroc: 0.9113548994064331
    loss: 1.4572678804397583
