data:
  dataset_name: cora,citeseer,pubmed
  khop: 2
experiment:
  n_splits: 100
  n_trials: 1
model:
  basepoint: false
  diff: false
  dropout: 0.9
  gnn_type: GSN
  jk_type: null
  l2_reg: 0.01
  learn_embedding: false
  n_depth: 1
  n_features: 64
  n_levels: 2
  n_post: 0
  n_pre: 0
  n_steps: 5
  norm_type: layer
opt:
  es_patience: 50
  lr_init: 0.01
  mode: min
  monitor: val_loss
  n_epochs: 1000
results:
  test:
    acc: 0.6323076486587524
    auprc: 0.6841524243354797
    auroc: 0.8802648186683655
    loss: 1.6720306873321533
  train:
    acc: 0.9916666746139526
    auprc: 0.9994949698448181
    auroc: 0.9999024271965027
    loss: 0.4095250070095062
  val:
    acc: 0.6111111044883728
    auprc: 0.6362937688827515
    auroc: 0.8723033666610718
    loss: 1.7008519172668457
