data:
  dataset_name: cora,citeseer,pubmed
experiment:
  n_splits: 100
  n_trials: 1
model:
  attn_dropout: 0.3
  basepoint: false
  diff: false
  dropout: 0.9
  gnn_type: GSAN
  jk_type: null
  l2_reg: 0.01
  learn_embedding: false
  n_depth: 1
  n_features: 64
  n_heads: 8
  n_levels: 2
  n_post: 0
  n_pre: 0
  n_steps: 5
  norm_type: layer
opt:
  es_patience: 50
  lr_init: 0.01
  mode: min
  monitor: val_loss
  n_epochs: 1000
results:
  test:
    acc: 0.674595296382904
    auprc: 0.7129491567611694
    auroc: 0.8922044634819031
    loss: 1.5938100814819336
  train:
    acc: 0.9666666984558105
    auprc: 0.9972976446151733
    auroc: 0.9994306564331055
    loss: 0.474812388420105
  val:
    acc: 0.694444477558136
    auprc: 0.7584102153778076
    auroc: 0.8997143507003784
    loss: 1.5439084768295288
