data:
  dataset_name: cora,citeseer,pubmed
  khop: 2
experiment:
  n_splits: 100
  n_trials: 1
model:
  basepoint: false
  diff: false
  dropout: 0.9
  gnn_type: GSN
  jk_type: null
  l2_reg: 0.01
  learn_embedding: false
  n_depth: 1
  n_features: 64
  n_levels: 2
  n_post: 0
  n_pre: 0
  n_steps: 5
  norm_type: layer
opt:
  es_patience: 50
  lr_init: 0.01
  mode: min
  monitor: val_loss
  n_epochs: 1000
results:
  test:
    acc: 0.6234375238418579
    auprc: 0.6843494772911072
    auroc: 0.8765739798545837
    loss: 1.677639365196228
  train:
    acc: 0.9916666746139526
    auprc: 1.0
    auroc: 1.0000004768371582
    loss: 0.3979455232620239
  val:
    acc: 0.6111111044883728
    auprc: 0.6612440943717957
    auroc: 0.8643861413002014
    loss: 1.7796595096588135
