data:
  dataset_name: cora,citeseer,pubmed
experiment:
  n_splits: 100
  n_trials: 1
model:
  attn_dropout: 0.3
  basepoint: false
  diff: false
  dropout: 0.9
  gnn_type: GSAN
  jk_type: null
  l2_reg: 0.01
  learn_embedding: false
  n_depth: 1
  n_features: 64
  n_heads: 8
  n_levels: 2
  n_post: 0
  n_pre: 0
  n_steps: 5
  norm_type: layer
opt:
  es_patience: 50
  lr_init: 0.01
  mode: min
  monitor: val_loss
  n_epochs: 1000
results:
  test:
    acc: 0.6825239658355713
    auprc: 0.7282963395118713
    auroc: 0.9067595601081848
    loss: 1.5086138248443604
  train:
    acc: 0.966666579246521
    auprc: 0.9974865913391113
    auroc: 0.9994792938232422
    loss: 0.6034620404243469
  val:
    acc: 0.6555554866790771
    auprc: 0.6877609491348267
    auroc: 0.8917095065116882
    loss: 1.6360299587249756
