data:
  dataset_name: cora,citeseer,pubmed
experiment:
  n_splits: 100
  n_trials: 1
model:
  attn_dropout: 0.3
  basepoint: false
  diff: false
  dropout: 0.9
  gnn_type: GSAN
  jk_type: null
  l2_reg: 0.01
  learn_embedding: false
  n_depth: 1
  n_features: 64
  n_heads: 8
  n_levels: 2
  n_post: 0
  n_pre: 0
  n_steps: 5
  norm_type: layer
opt:
  es_patience: 50
  lr_init: 0.01
  mode: min
  monitor: val_loss
  n_epochs: 1000
results:
  test:
    acc: 0.6514701247215271
    auprc: 0.6786599159240723
    auroc: 0.8770273327827454
    loss: 1.7034755945205688
  train:
    acc: 0.9916666746139526
    auprc: 0.9986336827278137
    auroc: 0.9997416734695435
    loss: 0.31875738501548767
  val:
    acc: 0.7388889193534851
    auprc: 0.7920664548873901
    auroc: 0.926351010799408
    loss: 1.3080564737319946
