data:
  dataset_name: cora,citeseer,pubmed
  khop: 2
experiment:
  n_splits: 100
  n_trials: 1
model:
  attn_dropout: 0.3
  basepoint: false
  diff: false
  dropout: 0.9
  gnn_type: GSAN
  jk_type: null
  l2_reg: 0.01
  learn_embedding: false
  n_depth: 1
  n_features: 64
  n_heads: 8
  n_levels: 2
  n_post: 0
  n_pre: 0
  n_steps: 5
  norm_type: layer
opt:
  es_patience: 50
  lr_init: 0.01
  mode: min
  monitor: val_loss
  n_epochs: 1000
results:
  test:
    acc: 0.6170542240142822
    auprc: 0.6475479602813721
    auroc: 0.8737518787384033
    loss: 1.648713231086731
  train:
    acc: 0.9833333492279053
    auprc: 0.9994508028030396
    auroc: 0.9998890161514282
    loss: 0.4344664514064789
  val:
    acc: 0.6055556535720825
    auprc: 0.6361614465713501
    auroc: 0.8710713982582092
    loss: 1.6990718841552734
