data:
  dataset_name: cora,citeseer,pubmed
  khop: 1
experiment:
  n_splits: 100
  n_trials: 1
model:
  attn_dropout: 0.3
  basepoint: false
  diff: false
  dropout: 0.9
  gnn_type: GSAN
  jk_type: null
  l2_reg: 0.01
  learn_embedding: false
  n_depth: 1
  n_features: 64
  n_heads: 8
  n_levels: 2
  n_post: 0
  n_pre: 0
  n_steps: 5
  norm_type: layer
opt:
  es_patience: 50
  lr_init: 0.01
  mode: min
  monitor: val_loss
  n_epochs: 1000
results:
  test:
    acc: 0.6787003874778748
    auprc: 0.7103161811828613
    auroc: 0.8932846784591675
    loss: 1.5577518939971924
  train:
    acc: 0.9666666984558105
    auprc: 0.9961574077606201
    auroc: 0.9991958141326904
    loss: 0.5602233409881592
  val:
    acc: 0.6444444060325623
    auprc: 0.7036082744598389
    auroc: 0.888235330581665
    loss: 1.6123000383377075
