data:
  dataset_name: cora,citeseer,pubmed
  khop: 2
experiment:
  n_splits: 100
  n_trials: 1
model:
  attn_dropout: 0.3
  basepoint: false
  diff: false
  dropout: 0.9
  gnn_type: GSAN
  jk_type: null
  l2_reg: 0.01
  learn_embedding: false
  n_depth: 1
  n_features: 64
  n_heads: 8
  n_levels: 2
  n_post: 0
  n_pre: 0
  n_steps: 5
  norm_type: layer
opt:
  es_patience: 50
  lr_init: 0.01
  mode: min
  monitor: val_loss
  n_epochs: 1000
results:
  test:
    acc: 0.6267496347427368
    auprc: 0.6679651737213135
    auroc: 0.8632904291152954
    loss: 1.7746632099151611
  train:
    acc: 0.9499999284744263
    auprc: 0.9916947484016418
    auroc: 0.9980136752128601
    loss: 0.43490493297576904
  val:
    acc: 0.6388888955116272
    auprc: 0.6891915798187256
    auroc: 0.8779668807983398
    loss: 1.5936261415481567
