data:
  dataset_name: cora,citeseer,pubmed
experiment:
  n_splits: 100
  n_trials: 1
model:
  attn_dropout: 0.3
  basepoint: false
  diff: false
  dropout: 0.9
  gnn_type: GSAN
  jk_type: null
  l2_reg: 0.01
  learn_embedding: false
  n_depth: 1
  n_features: 64
  n_heads: 8
  n_levels: 2
  n_post: 0
  n_pre: 0
  n_steps: 5
  norm_type: layer
opt:
  es_patience: 50
  lr_init: 0.01
  mode: min
  monitor: val_loss
  n_epochs: 1000
results:
  test:
    acc: 0.6825239658355713
    auprc: 0.7229756116867065
    auroc: 0.8973989486694336
    loss: 1.5680150985717773
  train:
    acc: 0.9749999642372131
    auprc: 0.9989099502563477
    auroc: 0.999778151512146
    loss: 0.5366805195808411
  val:
    acc: 0.7000000476837158
    auprc: 0.7430106997489929
    auroc: 0.9139348268508911
    loss: 1.446265459060669
