data:
  dataset_name: cora,citeseer,pubmed
  khop: 2
experiment:
  n_splits: 100
  n_trials: 1
model:
  attn_dropout: 0.3
  basepoint: false
  diff: false
  dropout: 0.9
  gnn_type: GSAN
  jk_type: null
  l2_reg: 0.01
  learn_embedding: false
  n_depth: 1
  n_features: 64
  n_heads: 8
  n_levels: 2
  n_post: 0
  n_pre: 0
  n_steps: 5
  norm_type: layer
opt:
  es_patience: 50
  lr_init: 0.01
  mode: min
  monitor: val_loss
  n_epochs: 1000
results:
  test:
    acc: 0.6174184083938599
    auprc: 0.6428701877593994
    auroc: 0.8740730285644531
    loss: 1.6217589378356934
  train:
    acc: 0.9583332538604736
    auprc: 0.9962317943572998
    auroc: 0.9991891384124756
    loss: 0.45049357414245605
  val:
    acc: 0.6333333849906921
    auprc: 0.6965495944023132
    auroc: 0.8883973956108093
    loss: 1.5213468074798584
