data:
  dataset_name: cora,citeseer,pubmed
experiment:
  n_splits: 100
  n_trials: 1
model:
  attn_dropout: 0.3
  basepoint: false
  diff: false
  dropout: 0.9
  gnn_type: GSAN
  jk_type: null
  l2_reg: 0.01
  learn_embedding: false
  n_depth: 1
  n_features: 64
  n_heads: 8
  n_levels: 2
  n_post: 0
  n_pre: 0
  n_steps: 5
  norm_type: layer
opt:
  es_patience: 50
  lr_init: 0.01
  mode: min
  monitor: val_loss
  n_epochs: 1000
results:
  test:
    acc: 0.6927651166915894
    auprc: 0.7287327647209167
    auroc: 0.9004808664321899
    loss: 1.549613118171692
  train:
    acc: 0.98333340883255
    auprc: 0.9991331696510315
    auroc: 0.9998195767402649
    loss: 0.5268762111663818
  val:
    acc: 0.699999988079071
    auprc: 0.7055957317352295
    auroc: 0.8803489804267883
    loss: 1.6561359167099
