data:
  dataset_name: cora,citeseer,pubmed
  khop: 2
experiment:
  n_splits: 100
  n_trials: 1
model:
  attn_dropout: 0.3
  basepoint: false
  diff: false
  dropout: 0.9
  gnn_type: GSAN
  jk_type: null
  l2_reg: 0.01
  learn_embedding: false
  n_depth: 1
  n_features: 64
  n_heads: 8
  n_levels: 2
  n_post: 0
  n_pre: 0
  n_steps: 5
  norm_type: layer
opt:
  es_patience: 50
  lr_init: 0.01
  mode: min
  monitor: val_loss
  n_epochs: 1000
results:
  test:
    acc: 0.6354992389678955
    auprc: 0.6716359853744507
    auroc: 0.868334949016571
    loss: 1.6969900131225586
  train:
    acc: 0.9583333730697632
    auprc: 0.985628604888916
    auroc: 0.998275637626648
    loss: 0.4451744258403778
  val:
    acc: 0.6500000357627869
    auprc: 0.6709187626838684
    auroc: 0.8565561771392822
    loss: 1.7622716426849365
