data:
  dataset_name: cora,citeseer,pubmed
  khop: 1
experiment:
  n_splits: 100
  n_trials: 1
model:
  attn_dropout: 0.3
  basepoint: false
  diff: false
  dropout: 0.9
  gnn_type: GSAN
  jk_type: null
  l2_reg: 0.01
  learn_embedding: false
  n_depth: 1
  n_features: 64
  n_heads: 8
  n_levels: 2
  n_post: 0
  n_pre: 0
  n_steps: 5
  norm_type: layer
opt:
  es_patience: 50
  lr_init: 0.01
  mode: min
  monitor: val_loss
  n_epochs: 1000
results:
  test:
    acc: 0.6686434745788574
    auprc: 0.7130245566368103
    auroc: 0.8918538689613342
    loss: 1.5910053253173828
  train:
    acc: 0.9916666150093079
    auprc: 0.9989551305770874
    auroc: 0.9997763633728027
    loss: 0.41240862011909485
  val:
    acc: 0.644444465637207
    auprc: 0.6945486068725586
    auroc: 0.8902957439422607
    loss: 1.6320900917053223
