data:
  dataset_name: cora,citeseer,pubmed
  khop: 2
experiment:
  n_splits: 100
  n_trials: 1
model:
  attn_dropout: 0.3
  basepoint: false
  diff: false
  dropout: 0.9
  gnn_type: GSAN
  jk_type: null
  l2_reg: 0.01
  learn_embedding: false
  n_depth: 1
  n_features: 64
  n_heads: 8
  n_levels: 2
  n_post: 0
  n_pre: 0
  n_steps: 5
  norm_type: layer
opt:
  es_patience: 50
  lr_init: 0.01
  mode: min
  monitor: val_loss
  n_epochs: 1000
results:
  test:
    acc: 0.6465927958488464
    auprc: 0.6640060544013977
    auroc: 0.8633332252502441
    loss: 1.7393003702163696
  train:
    acc: 0.9583333730697632
    auprc: 0.9924451112747192
    auroc: 0.9982242584228516
    loss: 0.6147120594978333
  val:
    acc: 0.605555534362793
    auprc: 0.6688593626022339
    auroc: 0.8674817681312561
    loss: 1.7691830396652222
