data:
  dataset_name: cora,citeseer,pubmed
  khop: 1
experiment:
  n_splits: 100
  n_trials: 1
model:
  basepoint: false
  diff: false
  dropout: 0.9
  gnn_type: GSN
  jk_type: null
  l2_reg: 0.01
  learn_embedding: false
  n_depth: 1
  n_features: 64
  n_levels: 2
  n_post: 0
  n_pre: 0
  n_steps: 5
  norm_type: layer
opt:
  es_patience: 50
  lr_init: 0.01
  mode: min
  monitor: val_loss
  n_epochs: 1000
results:
  test:
    acc: 0.6848393082618713
    auprc: 0.7507038116455078
    auroc: 0.9070641398429871
    loss: 1.5205334424972534
  train:
    acc: 0.9916666746139526
    auprc: 0.9999298453330994
    auroc: 0.999985933303833
    loss: 0.5071955919265747
  val:
    acc: 0.7277777791023254
    auprc: 0.7935695648193359
    auroc: 0.9226608872413635
    loss: 1.3842803239822388
