data:
  dataset_name: cora,citeseer,pubmed
  khop: 1
experiment:
  n_splits: 100
  n_trials: 1
model:
  attn_dropout: 0.3
  basepoint: false
  diff: false
  dropout: 0.9
  gnn_type: GSAN
  jk_type: null
  l2_reg: 0.01
  learn_embedding: false
  n_depth: 1
  n_features: 64
  n_heads: 8
  n_levels: 2
  n_post: 0
  n_pre: 0
  n_steps: 5
  norm_type: layer
opt:
  es_patience: 50
  lr_init: 0.01
  mode: min
  monitor: val_loss
  n_epochs: 1000
results:
  test:
    acc: 0.6856725811958313
    auprc: 0.7240201234817505
    auroc: 0.8971783518791199
    loss: 1.5366110801696777
  train:
    acc: 0.9916666746139526
    auprc: 0.9989544153213501
    auroc: 0.9997779130935669
    loss: 0.5099464058876038
  val:
    acc: 0.6499999165534973
    auprc: 0.729943037033081
    auroc: 0.9079453349113464
    loss: 1.5078678131103516
