data:
  dataset_name: cora,citeseer,pubmed
experiment:
  n_splits: 100
  n_trials: 1
model:
  attn_dropout: 0.3
  basepoint: false
  diff: false
  dropout: 0.9
  gnn_type: GSAN
  jk_type: null
  l2_reg: 0.01
  learn_embedding: false
  n_depth: 1
  n_features: 64
  n_heads: 8
  n_levels: 2
  n_post: 0
  n_pre: 0
  n_steps: 5
  norm_type: layer
opt:
  es_patience: 50
  lr_init: 0.01
  mode: min
  monitor: val_loss
  n_epochs: 1000
results:
  test:
    acc: 0.6854972243309021
    auprc: 0.7223523855209351
    auroc: 0.8993158936500549
    loss: 1.532552719116211
  train:
    acc: 0.9916666746139526
    auprc: 0.9996418356895447
    auroc: 0.9999297261238098
    loss: 0.2514638304710388
  val:
    acc: 0.6833334565162659
    auprc: 0.7234233617782593
    auroc: 0.9069750308990479
    loss: 1.489786982536316
