data:
  dataset_name: cora,citeseer,pubmed
  khop: 2
experiment:
  n_splits: 100
  n_trials: 1
model:
  basepoint: false
  diff: false
  dropout: 0.9
  gnn_type: GSN
  jk_type: null
  l2_reg: 0.01
  learn_embedding: false
  n_depth: 1
  n_features: 64
  n_levels: 2
  n_post: 0
  n_pre: 0
  n_steps: 5
  norm_type: layer
opt:
  es_patience: 50
  lr_init: 0.01
  mode: min
  monitor: val_loss
  n_epochs: 1000
results:
  test:
    acc: 0.6230282783508301
    auprc: 0.6640351414680481
    auroc: 0.8703866004943848
    loss: 1.7792693376541138
  train:
    acc: 0.9916666746139526
    auprc: 0.9983744621276855
    auroc: 0.9997063875198364
    loss: 0.32571375370025635
  val:
    acc: 0.644444465637207
    auprc: 0.7131369113922119
    auroc: 0.8930093050003052
    loss: 1.5906238555908203
