data:
  dataset_name: cora,citeseer,pubmed
  khop: 1
experiment:
  n_splits: 100
  n_trials: 1
model:
  basepoint: false
  diff: false
  dropout: 0.9
  gnn_type: GSN
  jk_type: null
  l2_reg: 0.01
  learn_embedding: false
  n_depth: 1
  n_features: 64
  n_levels: 2
  n_post: 0
  n_pre: 0
  n_steps: 5
  norm_type: layer
opt:
  es_patience: 50
  lr_init: 0.01
  mode: min
  monitor: val_loss
  n_epochs: 1000
results:
  test:
    acc: 0.6833333373069763
    auprc: 0.7169826030731201
    auroc: 0.8952747583389282
    loss: 1.5461902618408203
  train:
    acc: 1.0
    auprc: 1.0000009536743164
    auroc: 1.000000238418579
    loss: 0.4406384825706482
  val:
    acc: 0.7055554986000061
    auprc: 0.7476877570152283
    auroc: 0.9129177927970886
    loss: 1.4148797988891602
