data:
  dataset_name: cora,citeseer,pubmed
  khop: 1
experiment:
  n_splits: 100
  n_trials: 1
model:
  attn_dropout: 0.3
  basepoint: false
  diff: false
  dropout: 0.9
  gnn_type: GSAN
  jk_type: null
  l2_reg: 0.01
  learn_embedding: false
  n_depth: 1
  n_features: 64
  n_heads: 8
  n_levels: 2
  n_post: 0
  n_pre: 0
  n_steps: 5
  norm_type: layer
opt:
  es_patience: 50
  lr_init: 0.01
  mode: min
  monitor: val_loss
  n_epochs: 1000
results:
  test:
    acc: 0.6870342493057251
    auprc: 0.7371770143508911
    auroc: 0.9040799140930176
    loss: 1.4518975019454956
  train:
    acc: 0.9750000238418579
    auprc: 0.9984041452407837
    auroc: 0.9996668100357056
    loss: 0.45400917530059814
  val:
    acc: 0.7388888597488403
    auprc: 0.7858487367630005
    auroc: 0.9284129738807678
    loss: 1.2687441110610962
