data:
  dataset_name: cora,citeseer,pubmed
  khop: 2
experiment:
  n_splits: 100
  n_trials: 1
model:
  attn_dropout: 0.3
  basepoint: false
  diff: false
  dropout: 0.9
  gnn_type: GSAN
  jk_type: null
  l2_reg: 0.01
  learn_embedding: false
  n_depth: 1
  n_features: 64
  n_heads: 8
  n_levels: 2
  n_post: 0
  n_pre: 0
  n_steps: 5
  norm_type: layer
opt:
  es_patience: 50
  lr_init: 0.01
  mode: min
  monitor: val_loss
  n_epochs: 1000
results:
  test:
    acc: 0.6310831904411316
    auprc: 0.6709683537483215
    auroc: 0.87784743309021
    loss: 1.6522656679153442
  train:
    acc: 0.966666579246521
    auprc: 0.9967522025108337
    auroc: 0.9992709159851074
    loss: 0.46592795848846436
  val:
    acc: 0.644444465637207
    auprc: 0.6925326585769653
    auroc: 0.8866815567016602
    loss: 1.5718212127685547
