data:
  dataset_name: cora,citeseer,pubmed
experiment:
  n_splits: 100
  n_trials: 1
model:
  attn_dropout: 0.3
  basepoint: false
  diff: false
  dropout: 0.9
  gnn_type: GSAN
  jk_type: null
  l2_reg: 0.01
  learn_embedding: false
  n_depth: 1
  n_features: 64
  n_heads: 8
  n_levels: 2
  n_post: 0
  n_pre: 0
  n_steps: 5
  norm_type: layer
opt:
  es_patience: 50
  lr_init: 0.01
  mode: min
  monitor: val_loss
  n_epochs: 1000
results:
  test:
    acc: 0.6891312003135681
    auprc: 0.7224042415618896
    auroc: 0.9014137387275696
    loss: 1.5340389013290405
  train:
    acc: 0.9916666746139526
    auprc: 0.9993908405303955
    auroc: 0.9998748898506165
    loss: 0.511284589767456
  val:
    acc: 0.6333333849906921
    auprc: 0.6860265731811523
    auroc: 0.8857290744781494
    loss: 1.7153422832489014
