data:
  dataset_name: cora,citeseer,pubmed
  khop: 2
experiment:
  n_splits: 100
  n_trials: 1
model:
  attn_dropout: 0.3
  basepoint: false
  diff: false
  dropout: 0.9
  gnn_type: GSAN
  jk_type: null
  l2_reg: 0.01
  learn_embedding: false
  n_depth: 1
  n_features: 64
  n_heads: 8
  n_levels: 2
  n_post: 0
  n_pre: 0
  n_steps: 5
  norm_type: layer
opt:
  es_patience: 50
  lr_init: 0.01
  mode: min
  monitor: val_loss
  n_epochs: 1000
results:
  test:
    acc: 0.6698262095451355
    auprc: 0.7211077213287354
    auroc: 0.8961600661277771
    loss: 1.4781469106674194
  train:
    acc: 0.9749999642372131
    auprc: 0.9968384504318237
    auroc: 0.9992916584014893
    loss: 0.465901643037796
  val:
    acc: 0.5944443941116333
    auprc: 0.6806415319442749
    auroc: 0.8881568908691406
    loss: 1.5188475847244263
