data:
  dataset_name: cora,citeseer,pubmed
  khop: 2
experiment:
  n_splits: 100
  n_trials: 1
model:
  attn_dropout: 0.3
  basepoint: false
  diff: false
  dropout: 0.9
  gnn_type: GSAN
  jk_type: null
  l2_reg: 0.01
  learn_embedding: false
  n_depth: 1
  n_features: 64
  n_heads: 8
  n_levels: 2
  n_post: 0
  n_pre: 0
  n_steps: 5
  norm_type: layer
opt:
  es_patience: 50
  lr_init: 0.01
  mode: min
  monitor: val_loss
  n_epochs: 1000
results:
  test:
    acc: 0.6419558525085449
    auprc: 0.6817586421966553
    auroc: 0.8789966106414795
    loss: 1.6615409851074219
  train:
    acc: 0.9666666984558105
    auprc: 0.9919424653053284
    auroc: 0.9980006814002991
    loss: 0.584143877029419
  val:
    acc: 0.6333333253860474
    auprc: 0.6563525795936584
    auroc: 0.858314573764801
    loss: 1.7476426362991333
