data:
  dataset_name: cora,citeseer,pubmed
  khop: 2
experiment:
  n_splits: 100
  n_trials: 1
model:
  attn_dropout: 0.3
  basepoint: false
  diff: false
  dropout: 0.9
  gnn_type: GSAN
  jk_type: null
  l2_reg: 0.01
  learn_embedding: false
  n_depth: 1
  n_features: 64
  n_heads: 8
  n_levels: 2
  n_post: 0
  n_pre: 0
  n_steps: 5
  norm_type: layer
opt:
  es_patience: 50
  lr_init: 0.01
  mode: min
  monitor: val_loss
  n_epochs: 1000
results:
  test:
    acc: 0.6143079400062561
    auprc: 0.6455914974212646
    auroc: 0.8600744605064392
    loss: 1.7264207601547241
  train:
    acc: 0.9583332538604736
    auprc: 0.993475079536438
    auroc: 0.9986627101898193
    loss: 0.4818798303604126
  val:
    acc: 0.638888955116272
    auprc: 0.6913751363754272
    auroc: 0.8893315196037292
    loss: 1.5430946350097656
