data:
  dataset_name: cora,citeseer,pubmed
  khop: 2
experiment:
  n_splits: 100
  n_trials: 1
model:
  basepoint: false
  diff: false
  dropout: 0.9
  gnn_type: GSN
  jk_type: null
  l2_reg: 0.01
  learn_embedding: false
  n_depth: 1
  n_features: 64
  n_levels: 2
  n_post: 0
  n_pre: 0
  n_steps: 5
  norm_type: layer
opt:
  es_patience: 50
  lr_init: 0.01
  mode: min
  monitor: val_loss
  n_epochs: 1000
results:
  test:
    acc: 0.6158730387687683
    auprc: 0.6737338900566101
    auroc: 0.8753319978713989
    loss: 1.7025775909423828
  train:
    acc: 0.9916666746139526
    auprc: 0.998124361038208
    auroc: 0.9996646642684937
    loss: 0.45485609769821167
  val:
    acc: 0.6222221255302429
    auprc: 0.6618092060089111
    auroc: 0.8786032795906067
    loss: 1.6911394596099854
