data:
  dataset_name: cora,citeseer,pubmed
  khop: 1
experiment:
  n_splits: 100
  n_trials: 1
model:
  basepoint: false
  diff: false
  dropout: 0.9
  gnn_type: GSN
  jk_type: null
  l2_reg: 0.01
  learn_embedding: false
  n_depth: 1
  n_features: 64
  n_levels: 2
  n_post: 0
  n_pre: 0
  n_steps: 5
  norm_type: layer
opt:
  es_patience: 50
  lr_init: 0.01
  mode: min
  monitor: val_loss
  n_epochs: 1000
results:
  test:
    acc: 0.6911224126815796
    auprc: 0.7376902103424072
    auroc: 0.9034460783004761
    loss: 1.5235720872879028
  train:
    acc: 0.9916666150093079
    auprc: 1.000000238418579
    auroc: 1.0000004768371582
    loss: 0.3378593921661377
  val:
    acc: 0.7111110687255859
    auprc: 0.7679212093353271
    auroc: 0.9188539385795593
    loss: 1.3891102075576782
