data:
  dataset_name: cora,citeseer,pubmed
experiment:
  n_splits: 100
  n_trials: 1
model:
  attn_dropout: 0.3
  basepoint: false
  diff: false
  dropout: 0.9
  gnn_type: GSAN
  jk_type: null
  l2_reg: 0.01
  learn_embedding: false
  n_depth: 1
  n_features: 64
  n_heads: 8
  n_levels: 2
  n_post: 0
  n_pre: 0
  n_steps: 5
  norm_type: layer
opt:
  es_patience: 50
  lr_init: 0.01
  mode: min
  monitor: val_loss
  n_epochs: 1000
results:
  test:
    acc: 0.7030062675476074
    auprc: 0.7415552139282227
    auroc: 0.9055961966514587
    loss: 1.4866313934326172
  train:
    acc: 0.9666666388511658
    auprc: 0.9956141710281372
    auroc: 0.9990424513816833
    loss: 0.3998616933822632
  val:
    acc: 0.6888889074325562
    auprc: 0.7584199905395508
    auroc: 0.903846800327301
    loss: 1.4192347526550293
