data:
  dataset_name: cora,citeseer,pubmed
  khop: 2
experiment:
  n_splits: 100
  n_trials: 1
model:
  attn_dropout: 0.3
  basepoint: false
  diff: false
  dropout: 0.9
  gnn_type: GSAN
  jk_type: null
  l2_reg: 0.01
  learn_embedding: false
  n_depth: 1
  n_features: 64
  n_heads: 8
  n_levels: 2
  n_post: 0
  n_pre: 0
  n_steps: 5
  norm_type: layer
opt:
  es_patience: 50
  lr_init: 0.01
  mode: min
  monitor: val_loss
  n_epochs: 1000
results:
  test:
    acc: 0.6086286306381226
    auprc: 0.6524659991264343
    auroc: 0.8684443831443787
    loss: 1.798144817352295
  train:
    acc: 0.9749999046325684
    auprc: 0.9965804815292358
    auroc: 0.9992499351501465
    loss: 0.554686427116394
  val:
    acc: 0.605555534362793
    auprc: 0.6825427412986755
    auroc: 0.8799018859863281
    loss: 1.6790308952331543
