data:
  dataset_name: cora,citeseer,pubmed
experiment:
  n_splits: 100
  n_trials: 1
model:
  attn_dropout: 0.3
  basepoint: false
  diff: false
  dropout: 0.9
  gnn_type: GSAN
  jk_type: null
  l2_reg: 0.01
  learn_embedding: false
  n_depth: 1
  n_features: 64
  n_heads: 8
  n_levels: 2
  n_post: 0
  n_pre: 0
  n_steps: 5
  norm_type: layer
opt:
  es_patience: 50
  lr_init: 0.01
  mode: min
  monitor: val_loss
  n_epochs: 1000
results:
  test:
    acc: 0.6593987345695496
    auprc: 0.6989487409591675
    auroc: 0.8936753273010254
    loss: 1.625805377960205
  train:
    acc: 0.9916666150093079
    auprc: 0.9992657899856567
    auroc: 0.9998472332954407
    loss: 0.5331624746322632
  val:
    acc: 0.6166666746139526
    auprc: 0.6449913382530212
    auroc: 0.8742769956588745
    loss: 1.767520546913147
