data:
  dataset_name: cora,citeseer,pubmed
  khop: 2
experiment:
  n_splits: 100
  n_trials: 1
model:
  attn_dropout: 0.3
  basepoint: false
  diff: false
  dropout: 0.9
  gnn_type: GSAN
  jk_type: null
  l2_reg: 0.01
  learn_embedding: false
  n_depth: 1
  n_features: 64
  n_heads: 8
  n_levels: 2
  n_post: 0
  n_pre: 0
  n_steps: 5
  norm_type: layer
opt:
  es_patience: 50
  lr_init: 0.01
  mode: min
  monitor: val_loss
  n_epochs: 1000
results:
  test:
    acc: 0.6430817246437073
    auprc: 0.6498825550079346
    auroc: 0.873474657535553
    loss: 1.6781691312789917
  train:
    acc: 0.9333332777023315
    auprc: 0.9841397404670715
    auroc: 0.9962483644485474
    loss: 0.6396371126174927
  val:
    acc: 0.5944444537162781
    auprc: 0.6469559669494629
    auroc: 0.8503805994987488
    loss: 1.8288514614105225
