data:
  dataset_name: cora,citeseer,pubmed
  khop: 1
experiment:
  n_splits: 100
  n_trials: 1
model:
  attn_dropout: 0.3
  basepoint: false
  diff: false
  dropout: 0.9
  gnn_type: GSAN
  jk_type: null
  l2_reg: 0.01
  learn_embedding: false
  n_depth: 1
  n_features: 64
  n_heads: 8
  n_levels: 2
  n_post: 0
  n_pre: 0
  n_steps: 5
  norm_type: layer
opt:
  es_patience: 50
  lr_init: 0.01
  mode: min
  monitor: val_loss
  n_epochs: 1000
results:
  test:
    acc: 0.6341641545295715
    auprc: 0.6754419803619385
    auroc: 0.8722602128982544
    loss: 1.73381769657135
  train:
    acc: 0.9666666984558105
    auprc: 0.9985091090202332
    auroc: 0.9996923208236694
    loss: 0.3043639361858368
  val:
    acc: 0.6888888478279114
    auprc: 0.7873204946517944
    auroc: 0.9224228858947754
    loss: 1.3044335842132568
