data:
  dataset_name: cora,citeseer,pubmed
  khop: 2
experiment:
  n_splits: 100
  n_trials: 1
model:
  basepoint: false
  diff: false
  dropout: 0.9
  gnn_type: GSN
  jk_type: null
  l2_reg: 0.01
  learn_embedding: false
  n_depth: 1
  n_features: 64
  n_levels: 2
  n_post: 0
  n_pre: 0
  n_steps: 5
  norm_type: layer
opt:
  es_patience: 50
  lr_init: 0.01
  mode: min
  monitor: val_loss
  n_epochs: 1000
results:
  test:
    acc: 0.6383647322654724
    auprc: 0.6862753629684448
    auroc: 0.8744746446609497
    loss: 1.68343985080719
  train:
    acc: 0.9833333492279053
    auprc: 0.9822888374328613
    auroc: 0.9986063838005066
    loss: 0.3238607347011566
  val:
    acc: 0.6666666865348816
    auprc: 0.7163877487182617
    auroc: 0.888903796672821
    loss: 1.5992904901504517
