data:
  dataset_name: cora,citeseer,pubmed
  khop: 1
experiment:
  n_splits: 100
  n_trials: 1
model:
  attn_dropout: 0.3
  basepoint: false
  diff: false
  dropout: 0.9
  gnn_type: GSAN
  jk_type: null
  l2_reg: 0.01
  learn_embedding: false
  n_depth: 1
  n_features: 64
  n_heads: 8
  n_levels: 2
  n_post: 0
  n_pre: 0
  n_steps: 5
  norm_type: layer
opt:
  es_patience: 50
  lr_init: 0.01
  mode: min
  monitor: val_loss
  n_epochs: 1000
results:
  test:
    acc: 0.661348819732666
    auprc: 0.7046416997909546
    auroc: 0.8875072002410889
    loss: 1.59245765209198
  train:
    acc: 0.9833333492279053
    auprc: 0.9995384216308594
    auroc: 0.9999092817306519
    loss: 0.4110984206199646
  val:
    acc: 0.6888888478279114
    auprc: 0.7476995587348938
    auroc: 0.9131549000740051
    loss: 1.4097014665603638
