data:
  dataset_name: cora,citeseer,pubmed
  khop: 2
experiment:
  n_splits: 100
  n_trials: 1
model:
  basepoint: false
  diff: false
  dropout: 0.9
  gnn_type: GSN
  jk_type: null
  l2_reg: 0.01
  learn_embedding: false
  n_depth: 1
  n_features: 64
  n_levels: 2
  n_post: 0
  n_pre: 0
  n_steps: 5
  norm_type: layer
opt:
  es_patience: 50
  lr_init: 0.01
  mode: min
  monitor: val_loss
  n_epochs: 1000
results:
  test:
    acc: 0.6191950440406799
    auprc: 0.6679226756095886
    auroc: 0.8740144968032837
    loss: 1.6357365846633911
  train:
    acc: 0.9916666746139526
    auprc: 0.9999998807907104
    auroc: 0.9999998807907104
    loss: 0.36825060844421387
  val:
    acc: 0.6833332777023315
    auprc: 0.7357199788093567
    auroc: 0.910258412361145
    loss: 1.3552592992782593
