data:
  dataset_name: cora,citeseer,pubmed
experiment:
  n_splits: 100
  n_trials: 1
model:
  attn_dropout: 0.3
  basepoint: false
  diff: false
  dropout: 0.9
  gnn_type: GSAN
  jk_type: null
  l2_reg: 0.01
  learn_embedding: false
  n_depth: 1
  n_features: 64
  n_heads: 8
  n_levels: 2
  n_post: 0
  n_pre: 0
  n_steps: 5
  norm_type: layer
opt:
  es_patience: 50
  lr_init: 0.01
  mode: min
  monitor: val_loss
  n_epochs: 1000
results:
  test:
    acc: 0.7020152807235718
    auprc: 0.7307015657424927
    auroc: 0.8968672156333923
    loss: 1.5269328355789185
  train:
    acc: 0.9916667342185974
    auprc: 0.9995948076248169
    auroc: 0.9999165534973145
    loss: 0.3354570269584656
  val:
    acc: 0.7333333492279053
    auprc: 0.7531397342681885
    auroc: 0.9057871103286743
    loss: 1.4325661659240723
