data:
  dataset_name: cora,citeseer,pubmed
  khop: 2
experiment:
  n_splits: 100
  n_trials: 1
model:
  attn_dropout: 0.3
  basepoint: false
  diff: false
  dropout: 0.9
  gnn_type: GSAN
  jk_type: null
  l2_reg: 0.01
  learn_embedding: false
  n_depth: 1
  n_features: 64
  n_heads: 8
  n_levels: 2
  n_post: 0
  n_pre: 0
  n_steps: 5
  norm_type: layer
opt:
  es_patience: 50
  lr_init: 0.01
  mode: min
  monitor: val_loss
  n_epochs: 1000
results:
  test:
    acc: 0.6186046600341797
    auprc: 0.6333085298538208
    auroc: 0.8697882890701294
    loss: 1.6840097904205322
  train:
    acc: 0.9750000238418579
    auprc: 0.9980510473251343
    auroc: 0.9995835423469543
    loss: 0.45142096281051636
  val:
    acc: 0.6611111164093018
    auprc: 0.7102655172348022
    auroc: 0.898436963558197
    loss: 1.414853811264038
