data:
  dataset_name: cora,citeseer,pubmed
  khop: 1
experiment:
  n_splits: 100
  n_trials: 1
model:
  basepoint: false
  diff: false
  dropout: 0.9
  gnn_type: GSN
  jk_type: null
  l2_reg: 0.01
  learn_embedding: false
  n_depth: 1
  n_features: 64
  n_levels: 2
  n_post: 0
  n_pre: 0
  n_steps: 5
  norm_type: layer
opt:
  es_patience: 50
  lr_init: 0.01
  mode: min
  monitor: val_loss
  n_epochs: 1000
results:
  test:
    acc: 0.7005150318145752
    auprc: 0.7528700232505798
    auroc: 0.9139073491096497
    loss: 1.4442851543426514
  train:
    acc: 1.0
    auprc: 1.0000008344650269
    auroc: 1.0000003576278687
    loss: 0.4471046030521393
  val:
    acc: 0.7000000476837158
    auprc: 0.759363055229187
    auroc: 0.9258520007133484
    loss: 1.384727120399475
