data:
  dataset_name: cora,citeseer,pubmed
experiment:
  n_splits: 100
  n_trials: 1
model:
  attn_dropout: 0.3
  basepoint: false
  diff: false
  dropout: 0.9
  gnn_type: GSAN
  jk_type: null
  l2_reg: 0.01
  learn_embedding: false
  n_depth: 1
  n_features: 64
  n_heads: 8
  n_levels: 2
  n_post: 0
  n_pre: 0
  n_steps: 5
  norm_type: layer
opt:
  es_patience: 50
  lr_init: 0.01
  mode: min
  monitor: val_loss
  n_epochs: 1000
results:
  test:
    acc: 0.6792203187942505
    auprc: 0.7079222202301025
    auroc: 0.8971695899963379
    loss: 1.5620415210723877
  train:
    acc: 0.9916667342185974
    auprc: 0.9996210336685181
    auroc: 0.9999240040779114
    loss: 0.3922678232192993
  val:
    acc: 0.7277778387069702
    auprc: 0.7615054845809937
    auroc: 0.910879909992218
    loss: 1.4754680395126343
