data:
  dataset_name: cora,citeseer,pubmed
  khop: 1
experiment:
  n_splits: 100
  n_trials: 1
model:
  basepoint: false
  diff: false
  dropout: 0.9
  gnn_type: GSN
  jk_type: null
  l2_reg: 0.01
  learn_embedding: false
  n_depth: 1
  n_features: 64
  n_levels: 2
  n_post: 0
  n_pre: 0
  n_steps: 5
  norm_type: layer
opt:
  es_patience: 50
  lr_init: 0.01
  mode: min
  monitor: val_loss
  n_epochs: 1000
results:
  test:
    acc: 0.6612063050270081
    auprc: 0.7208316326141357
    auroc: 0.9029659628868103
    loss: 1.5101263523101807
  train:
    acc: 1.0
    auprc: 1.000000238418579
    auroc: 1.000000238418579
    loss: 0.4035111367702484
  val:
    acc: 0.6833333373069763
    auprc: 0.7064226865768433
    auroc: 0.9012433290481567
    loss: 1.4953471422195435
