data:
  dataset_name: cora,citeseer,pubmed
experiment:
  n_splits: 100
  n_trials: 1
model:
  attn_dropout: 0.3
  basepoint: false
  diff: false
  dropout: 0.9
  gnn_type: GSAN
  jk_type: null
  l2_reg: 0.01
  learn_embedding: false
  n_depth: 1
  n_features: 64
  n_heads: 8
  n_levels: 2
  n_post: 0
  n_pre: 0
  n_steps: 5
  norm_type: layer
opt:
  es_patience: 50
  lr_init: 0.01
  mode: min
  monitor: val_loss
  n_epochs: 1000
results:
  test:
    acc: 0.6785596609115601
    auprc: 0.7393924593925476
    auroc: 0.9049639701843262
    loss: 1.5180120468139648
  train:
    acc: 0.958333432674408
    auprc: 0.9824113845825195
    auroc: 0.9981857538223267
    loss: 0.44913408160209656
  val:
    acc: 0.7222222089767456
    auprc: 0.7738076448440552
    auroc: 0.9218705296516418
    loss: 1.3735060691833496
