data:
  dataset_name: cora,citeseer,pubmed
  khop: 2
experiment:
  n_splits: 100
  n_trials: 1
model:
  basepoint: false
  diff: false
  dropout: 0.9
  gnn_type: GSN
  jk_type: null
  l2_reg: 0.01
  learn_embedding: false
  n_depth: 1
  n_features: 64
  n_levels: 2
  n_post: 0
  n_pre: 0
  n_steps: 5
  norm_type: layer
opt:
  es_patience: 50
  lr_init: 0.01
  mode: min
  monitor: val_loss
  n_epochs: 1000
results:
  test:
    acc: 0.6069802641868591
    auprc: 0.6684892177581787
    auroc: 0.8841122388839722
    loss: 1.6475143432617188
  train:
    acc: 0.9916666746139526
    auprc: 0.9698905944824219
    auroc: 0.9983851909637451
    loss: 0.5104501247406006
  val:
    acc: 0.6277777552604675
    auprc: 0.6760970950126648
    auroc: 0.883943498134613
    loss: 1.6480762958526611
