data:
  dataset_name: cora,citeseer,pubmed
experiment:
  n_splits: 100
  n_trials: 1
model:
  attn_dropout: 0.3
  basepoint: false
  diff: false
  dropout: 0.9
  gnn_type: GSAN
  jk_type: null
  l2_reg: 0.01
  learn_embedding: false
  n_depth: 1
  n_features: 64
  n_heads: 8
  n_levels: 2
  n_post: 0
  n_pre: 0
  n_steps: 5
  norm_type: layer
opt:
  es_patience: 50
  lr_init: 0.01
  mode: min
  monitor: val_loss
  n_epochs: 1000
results:
  test:
    acc: 0.6954079866409302
    auprc: 0.7393873929977417
    auroc: 0.9054188132286072
    loss: 1.5592707395553589
  train:
    acc: 0.9833333492279053
    auprc: 0.999315619468689
    auroc: 0.9998611807823181
    loss: 0.5613234639167786
  val:
    acc: 0.6722222566604614
    auprc: 0.7315393686294556
    auroc: 0.9050310254096985
    loss: 1.5672088861465454
