data:
  dataset_name: cora,citeseer,pubmed
  khop: 1
experiment:
  n_splits: 100
  n_trials: 1
model:
  attn_dropout: 0.3
  basepoint: false
  diff: false
  dropout: 0.9
  gnn_type: GSAN
  jk_type: null
  l2_reg: 0.01
  learn_embedding: false
  n_depth: 1
  n_features: 64
  n_heads: 8
  n_levels: 2
  n_post: 0
  n_pre: 0
  n_steps: 5
  norm_type: layer
opt:
  es_patience: 50
  lr_init: 0.01
  mode: min
  monitor: val_loss
  n_epochs: 1000
results:
  test:
    acc: 0.6802670955657959
    auprc: 0.7223242521286011
    auroc: 0.8974519371986389
    loss: 1.5633423328399658
  train:
    acc: 0.9750000238418579
    auprc: 0.9986526966094971
    auroc: 0.9997274279594421
    loss: 0.49827539920806885
  val:
    acc: 0.6555554866790771
    auprc: 0.6740152835845947
    auroc: 0.8953395485877991
    loss: 1.6364943981170654
