data:
  dataset_name: cora,citeseer,pubmed
  khop: 2
experiment:
  n_splits: 100
  n_trials: 1
model:
  attn_dropout: 0.3
  basepoint: false
  diff: false
  dropout: 0.9
  gnn_type: GSAN
  jk_type: null
  l2_reg: 0.01
  learn_embedding: false
  n_depth: 1
  n_features: 64
  n_heads: 8
  n_levels: 2
  n_post: 0
  n_pre: 0
  n_steps: 5
  norm_type: layer
opt:
  es_patience: 50
  lr_init: 0.01
  mode: min
  monitor: val_loss
  n_epochs: 1000
results:
  test:
    acc: 0.6174603700637817
    auprc: 0.653638482093811
    auroc: 0.8654689192771912
    loss: 1.6864858865737915
  train:
    acc: 0.9583332538604736
    auprc: 0.994547963142395
    auroc: 0.9988535642623901
    loss: 0.5360340476036072
  val:
    acc: 0.6277777552604675
    auprc: 0.6633157134056091
    auroc: 0.8762646317481995
    loss: 1.6383836269378662
