data:
  dataset_name: cora,citeseer,pubmed
  khop: 2
experiment:
  n_splits: 100
  n_trials: 1
model:
  attn_dropout: 0.3
  basepoint: false
  diff: false
  dropout: 0.9
  gnn_type: GSAN
  jk_type: null
  l2_reg: 0.01
  learn_embedding: false
  n_depth: 1
  n_features: 64
  n_heads: 8
  n_levels: 2
  n_post: 0
  n_pre: 0
  n_steps: 5
  norm_type: layer
opt:
  es_patience: 50
  lr_init: 0.01
  mode: min
  monitor: val_loss
  n_epochs: 1000
results:
  test:
    acc: 0.6194968223571777
    auprc: 0.6835586428642273
    auroc: 0.8751561045646667
    loss: 1.6340529918670654
  train:
    acc: 0.9500000476837158
    auprc: 0.9926425218582153
    auroc: 0.9983195662498474
    loss: 0.5802537202835083
  val:
    acc: 0.5944443941116333
    auprc: 0.6370829939842224
    auroc: 0.870684027671814
    loss: 1.6770418882369995
