data:
  dataset_name: cora,citeseer,pubmed
experiment:
  n_splits: 100
  n_trials: 1
model:
  attn_dropout: 0.3
  basepoint: false
  diff: false
  dropout: 0.9
  gnn_type: GSAN
  jk_type: null
  l2_reg: 0.01
  learn_embedding: false
  n_depth: 1
  n_features: 64
  n_heads: 8
  n_levels: 2
  n_post: 0
  n_pre: 0
  n_steps: 5
  norm_type: layer
opt:
  es_patience: 50
  lr_init: 0.01
  mode: min
  monitor: val_loss
  n_epochs: 1000
results:
  test:
    acc: 0.6970597505569458
    auprc: 0.7302048206329346
    auroc: 0.9004688858985901
    loss: 1.5252376794815063
  train:
    acc: 0.9750000238418579
    auprc: 0.9983437061309814
    auroc: 0.9996504187583923
    loss: 0.4830929934978485
  val:
    acc: 0.694444477558136
    auprc: 0.7628362774848938
    auroc: 0.913733184337616
    loss: 1.444156289100647
