data:
  dataset_name: cora,citeseer,pubmed
  khop: 2
experiment:
  n_splits: 100
  n_trials: 1
model:
  attn_dropout: 0.3
  basepoint: false
  diff: false
  dropout: 0.9
  gnn_type: GSAN
  jk_type: null
  l2_reg: 0.01
  learn_embedding: false
  n_depth: 1
  n_features: 64
  n_heads: 8
  n_levels: 2
  n_post: 0
  n_pre: 0
  n_steps: 5
  norm_type: layer
opt:
  es_patience: 50
  lr_init: 0.01
  mode: min
  monitor: val_loss
  n_epochs: 1000
results:
  test:
    acc: 0.6275753378868103
    auprc: 0.6945100426673889
    auroc: 0.8834079504013062
    loss: 1.5691986083984375
  train:
    acc: 0.9666666984558105
    auprc: 0.9968290328979492
    auroc: 0.9993054270744324
    loss: 0.4187893271446228
  val:
    acc: 0.6388888359069824
    auprc: 0.7176719903945923
    auroc: 0.8950459957122803
    loss: 1.5277562141418457
