data:
  dataset_name: cora,citeseer,pubmed
  khop: 1
experiment:
  n_splits: 100
  n_trials: 1
model:
  attn_dropout: 0.3
  basepoint: false
  diff: false
  dropout: 0.9
  gnn_type: GSAN
  jk_type: null
  l2_reg: 0.01
  learn_embedding: false
  n_depth: 1
  n_features: 64
  n_heads: 8
  n_levels: 2
  n_post: 0
  n_pre: 0
  n_steps: 5
  norm_type: layer
opt:
  es_patience: 50
  lr_init: 0.01
  mode: min
  monitor: val_loss
  n_epochs: 1000
results:
  test:
    acc: 0.661066472530365
    auprc: 0.7076357007026672
    auroc: 0.898935079574585
    loss: 1.5513042211532593
  train:
    acc: 0.9750000238418579
    auprc: 0.9988201856613159
    auroc: 0.9997502565383911
    loss: 0.4922525882720947
  val:
    acc: 0.6833333373069763
    auprc: 0.6772183179855347
    auroc: 0.8899453282356262
    loss: 1.5640151500701904
