data:
  dataset_name: cora,citeseer,pubmed
  khop: 1
experiment:
  n_splits: 100
  n_trials: 1
model:
  basepoint: false
  diff: false
  dropout: 0.9
  gnn_type: GSN
  jk_type: null
  l2_reg: 0.01
  learn_embedding: false
  n_depth: 1
  n_features: 64
  n_levels: 2
  n_post: 0
  n_pre: 0
  n_steps: 5
  norm_type: layer
opt:
  es_patience: 50
  lr_init: 0.01
  mode: min
  monitor: val_loss
  n_epochs: 1000
results:
  test:
    acc: 0.6988130807876587
    auprc: 0.7350059151649475
    auroc: 0.8985763192176819
    loss: 1.5551104545593262
  train:
    acc: 0.9916666746139526
    auprc: 0.999114453792572
    auroc: 0.9998323917388916
    loss: 0.37851959466934204
  val:
    acc: 0.6499999761581421
    auprc: 0.6833833456039429
    auroc: 0.8895834684371948
    loss: 1.709481120109558
