data:
  dataset_name: cora,citeseer,pubmed
  khop: 2
experiment:
  n_splits: 100
  n_trials: 1
model:
  attn_dropout: 0.3
  basepoint: false
  diff: false
  dropout: 0.9
  gnn_type: GSAN
  jk_type: null
  l2_reg: 0.01
  learn_embedding: false
  n_depth: 1
  n_features: 64
  n_heads: 8
  n_levels: 2
  n_post: 0
  n_pre: 0
  n_steps: 5
  norm_type: layer
opt:
  es_patience: 50
  lr_init: 0.01
  mode: min
  monitor: val_loss
  n_epochs: 1000
results:
  test:
    acc: 0.5811023712158203
    auprc: 0.6281810402870178
    auroc: 0.8638421893119812
    loss: 1.7402737140655518
  train:
    acc: 0.9499999284744263
    auprc: 0.9929563999176025
    auroc: 0.9983891844749451
    loss: 0.5225836038589478
  val:
    acc: 0.5722222328186035
    auprc: 0.6091356873512268
    auroc: 0.8453241586685181
    loss: 1.8338934183120728
