data:
  dataset_name: cora,citeseer,pubmed
experiment:
  n_splits: 100
  n_trials: 1
model:
  attn_dropout: 0.3
  basepoint: false
  diff: false
  dropout: 0.9
  gnn_type: GSAN
  jk_type: null
  l2_reg: 0.01
  learn_embedding: false
  n_depth: 1
  n_features: 64
  n_heads: 8
  n_levels: 2
  n_post: 0
  n_pre: 0
  n_steps: 5
  norm_type: layer
opt:
  es_patience: 50
  lr_init: 0.01
  mode: min
  monitor: val_loss
  n_epochs: 1000
results:
  test:
    acc: 0.701024055480957
    auprc: 0.733131468296051
    auroc: 0.9032353162765503
    loss: 1.5103368759155273
  train:
    acc: 0.9916666746139526
    auprc: 0.9985072016716003
    auroc: 0.9997273683547974
    loss: 0.31457632780075073
  val:
    acc: 0.6555555462837219
    auprc: 0.6892083883285522
    auroc: 0.8801262974739075
    loss: 1.764340877532959
