data:
  dataset_name: cora,citeseer,pubmed
  khop: 2
experiment:
  n_splits: 100
  n_trials: 1
model:
  basepoint: false
  diff: false
  dropout: 0.9
  gnn_type: GSN
  jk_type: null
  l2_reg: 0.01
  learn_embedding: false
  n_depth: 1
  n_features: 64
  n_levels: 2
  n_post: 0
  n_pre: 0
  n_steps: 5
  norm_type: layer
opt:
  es_patience: 50
  lr_init: 0.01
  mode: min
  monitor: val_loss
  n_epochs: 1000
results:
  test:
    acc: 0.6421874761581421
    auprc: 0.6842026710510254
    auroc: 0.8701063394546509
    loss: 1.6793593168258667
  train:
    acc: 0.9916666746139526
    auprc: 0.97623211145401
    auroc: 0.9984411597251892
    loss: 0.4564095735549927
  val:
    acc: 0.6166667342185974
    auprc: 0.6497831344604492
    auroc: 0.8667819499969482
    loss: 1.7214659452438354
