data:
  dataset_name: cora,citeseer,pubmed
  khop: 1
experiment:
  n_splits: 100
  n_trials: 1
model:
  attn_dropout: 0.3
  basepoint: false
  diff: false
  dropout: 0.9
  gnn_type: GSAN
  jk_type: null
  l2_reg: 0.01
  learn_embedding: false
  n_depth: 1
  n_features: 64
  n_heads: 8
  n_levels: 2
  n_post: 0
  n_pre: 0
  n_steps: 5
  norm_type: layer
opt:
  es_patience: 50
  lr_init: 0.01
  mode: min
  monitor: val_loss
  n_epochs: 1000
results:
  test:
    acc: 0.6301059126853943
    auprc: 0.6670035123825073
    auroc: 0.8746474981307983
    loss: 1.6632509231567383
  train:
    acc: 0.9583332538604736
    auprc: 0.9980184435844421
    auroc: 0.999592125415802
    loss: 0.36889588832855225
  val:
    acc: 0.6888889074325562
    auprc: 0.7528725862503052
    auroc: 0.9061453342437744
    loss: 1.4348244667053223
