data:
  dataset_name: cora,citeseer,pubmed
  khop: 1
experiment:
  n_splits: 100
  n_trials: 1
model:
  attn_dropout: 0.3
  basepoint: false
  diff: false
  dropout: 0.9
  gnn_type: GSAN
  jk_type: null
  l2_reg: 0.01
  learn_embedding: false
  n_depth: 1
  n_features: 64
  n_heads: 8
  n_levels: 2
  n_post: 0
  n_pre: 0
  n_steps: 5
  norm_type: layer
opt:
  es_patience: 50
  lr_init: 0.01
  mode: min
  monitor: val_loss
  n_epochs: 1000
results:
  test:
    acc: 0.6654275059700012
    auprc: 0.6992624998092651
    auroc: 0.8911506533622742
    loss: 1.6299769878387451
  train:
    acc: 0.9750000238418579
    auprc: 0.9957621097564697
    auroc: 0.999196469783783
    loss: 0.4749445915222168
  val:
    acc: 0.6722222566604614
    auprc: 0.7220193147659302
    auroc: 0.9066869616508484
    loss: 1.5425776243209839
