data:
  dataset_name: cora,citeseer,pubmed
  khop: 1
experiment:
  n_splits: 100
  n_trials: 1
model:
  basepoint: false
  diff: false
  dropout: 0.9
  gnn_type: GSN
  jk_type: null
  l2_reg: 0.01
  learn_embedding: false
  n_depth: 1
  n_features: 64
  n_levels: 2
  n_post: 0
  n_pre: 0
  n_steps: 5
  norm_type: layer
opt:
  es_patience: 50
  lr_init: 0.01
  mode: min
  monitor: val_loss
  n_epochs: 1000
results:
  test:
    acc: 0.6839454174041748
    auprc: 0.7373765707015991
    auroc: 0.9034102559089661
    loss: 1.4842536449432373
  train:
    acc: 0.9916666746139526
    auprc: 0.9999297857284546
    auroc: 0.9999861717224121
    loss: 0.39924368262290955
  val:
    acc: 0.6888889074325562
    auprc: 0.7766938209533691
    auroc: 0.9261939525604248
    loss: 1.3331871032714844
