data:
  dataset_name: cora,citeseer,pubmed
  khop: 1
experiment:
  n_splits: 100
  n_trials: 1
model:
  attn_dropout: 0.3
  basepoint: false
  diff: false
  dropout: 0.9
  gnn_type: GSAN
  jk_type: null
  l2_reg: 0.01
  learn_embedding: false
  n_depth: 1
  n_features: 64
  n_heads: 8
  n_levels: 2
  n_post: 0
  n_pre: 0
  n_steps: 5
  norm_type: layer
opt:
  es_patience: 50
  lr_init: 0.01
  mode: min
  monitor: val_loss
  n_epochs: 1000
results:
  test:
    acc: 0.6548148393630981
    auprc: 0.6890227794647217
    auroc: 0.8883592486381531
    loss: 1.6738669872283936
  train:
    acc: 0.9833333492279053
    auprc: 0.9991793632507324
    auroc: 0.9998331069946289
    loss: 0.5749893188476562
  val:
    acc: 0.6888889074325562
    auprc: 0.7047155499458313
    auroc: 0.8902617692947388
    loss: 1.6381685733795166
