data:
  dataset_name: cora,citeseer,pubmed
  khop: 2
experiment:
  n_splits: 100
  n_trials: 1
model:
  basepoint: false
  diff: false
  dropout: 0.9
  gnn_type: GSN
  jk_type: null
  l2_reg: 0.01
  learn_embedding: false
  n_depth: 1
  n_features: 64
  n_levels: 2
  n_post: 0
  n_pre: 0
  n_steps: 5
  norm_type: layer
opt:
  es_patience: 50
  lr_init: 0.01
  mode: min
  monitor: val_loss
  n_epochs: 1000
results:
  test:
    acc: 0.6205288171768188
    auprc: 0.6910858750343323
    auroc: 0.8865185379981995
    loss: 1.6117993593215942
  train:
    acc: 0.9833333492279053
    auprc: 0.9985874891281128
    auroc: 0.9997396469116211
    loss: 0.418302446603775
  val:
    acc: 0.6555555462837219
    auprc: 0.7174991965293884
    auroc: 0.8904200196266174
    loss: 1.578340768814087
