data:
  dataset_name: cora,citeseer,pubmed
  khop: 1
experiment:
  n_splits: 100
  n_trials: 1
model:
  attn_dropout: 0.3
  basepoint: false
  diff: false
  dropout: 0.9
  gnn_type: GSAN
  jk_type: null
  l2_reg: 0.01
  learn_embedding: false
  n_depth: 1
  n_features: 64
  n_heads: 8
  n_levels: 2
  n_post: 0
  n_pre: 0
  n_steps: 5
  norm_type: layer
opt:
  es_patience: 50
  lr_init: 0.01
  mode: min
  monitor: val_loss
  n_epochs: 1000
results:
  test:
    acc: 0.6614059805870056
    auprc: 0.7157703042030334
    auroc: 0.8968890309333801
    loss: 1.517547845840454
  train:
    acc: 0.9583333730697632
    auprc: 0.9957777261734009
    auroc: 0.9990623593330383
    loss: 0.49481528997421265
  val:
    acc: 0.7000000476837158
    auprc: 0.7444945573806763
    auroc: 0.9003798365592957
    loss: 1.4893207550048828
