data:
  dataset_name: cora,citeseer,pubmed
  khop: 2
experiment:
  n_splits: 100
  n_trials: 1
model:
  basepoint: false
  diff: false
  dropout: 0.9
  gnn_type: GSN
  jk_type: null
  l2_reg: 0.01
  learn_embedding: false
  n_depth: 1
  n_features: 64
  n_levels: 2
  n_post: 0
  n_pre: 0
  n_steps: 5
  norm_type: layer
opt:
  es_patience: 50
  lr_init: 0.01
  mode: min
  monitor: val_loss
  n_epochs: 1000
results:
  test:
    acc: 0.6259781122207642
    auprc: 0.6594091653823853
    auroc: 0.8732993602752686
    loss: 1.6488995552062988
  train:
    acc: 1.0
    auprc: 1.0000011920928955
    auroc: 0.9999998211860657
    loss: 0.42417657375335693
  val:
    acc: 0.6055555939674377
    auprc: 0.6816455721855164
    auroc: 0.880009114742279
    loss: 1.6350486278533936
