data:
  dataset_name: cora,citeseer,pubmed
experiment:
  n_splits: 100
  n_trials: 1
model:
  attn_dropout: 0.3
  basepoint: false
  diff: false
  dropout: 0.9
  gnn_type: GSAN
  jk_type: null
  l2_reg: 0.01
  learn_embedding: false
  n_depth: 1
  n_features: 64
  n_heads: 8
  n_levels: 2
  n_post: 0
  n_pre: 0
  n_steps: 5
  norm_type: layer
opt:
  es_patience: 50
  lr_init: 0.01
  mode: min
  monitor: val_loss
  n_epochs: 1000
results:
  test:
    acc: 0.6736042499542236
    auprc: 0.7131003141403198
    auroc: 0.8923860788345337
    loss: 1.5767780542373657
  train:
    acc: 0.9833333492279053
    auprc: 0.9943094253540039
    auroc: 0.9991753101348877
    loss: 0.4249872863292694
  val:
    acc: 0.6611111760139465
    auprc: 0.6919410228729248
    auroc: 0.8770826458930969
    loss: 1.693901777267456
