data:
  dataset_name: cora,citeseer,pubmed
  khop: 2
experiment:
  n_splits: 100
  n_trials: 1
model:
  attn_dropout: 0.3
  basepoint: false
  diff: false
  dropout: 0.9
  gnn_type: GSAN
  jk_type: null
  l2_reg: 0.01
  learn_embedding: false
  n_depth: 1
  n_features: 64
  n_heads: 8
  n_levels: 2
  n_post: 0
  n_pre: 0
  n_steps: 5
  norm_type: layer
opt:
  es_patience: 50
  lr_init: 0.01
  mode: min
  monitor: val_loss
  n_epochs: 1000
results:
  test:
    acc: 0.6189736127853394
    auprc: 0.6500844955444336
    auroc: 0.8687065839767456
    loss: 1.7158650159835815
  train:
    acc: 0.9416667222976685
    auprc: 0.9916247129440308
    auroc: 0.998112678527832
    loss: 0.578447699546814
  val:
    acc: 0.5944443941116333
    auprc: 0.5968880653381348
    auroc: 0.8401495814323425
    loss: 1.9191439151763916
