data:
  dataset_name: cora,citeseer,pubmed
  khop: 1
experiment:
  n_splits: 100
  n_trials: 1
model:
  attn_dropout: 0.3
  basepoint: false
  diff: false
  dropout: 0.9
  gnn_type: GSAN
  jk_type: null
  l2_reg: 0.01
  learn_embedding: false
  n_depth: 1
  n_features: 64
  n_heads: 8
  n_levels: 2
  n_post: 0
  n_pre: 0
  n_steps: 5
  norm_type: layer
opt:
  es_patience: 50
  lr_init: 0.01
  mode: min
  monitor: val_loss
  n_epochs: 1000
results:
  test:
    acc: 0.680757999420166
    auprc: 0.7314192652702332
    auroc: 0.8998965620994568
    loss: 1.5100746154785156
  train:
    acc: 0.9749999046325684
    auprc: 0.9984210729598999
    auroc: 0.9996646046638489
    loss: 0.5158023834228516
  val:
    acc: 0.6166666746139526
    auprc: 0.6711694002151489
    auroc: 0.8720202445983887
    loss: 1.7022435665130615
