data:
  dataset_name: cora,citeseer
  khop: 2
experiment:
  n_splits: 100
  n_trials: 1
model:
  basepoint: false
  diff: false
  dropout: 0.9
  gnn_type: GSN
  jk_type: null
  l2_reg: 0.01
  learn_embedding: false
  n_depth: 1
  n_features: 64
  n_levels: 2
  n_post: 0
  n_pre: 0
  n_steps: 5
  norm_type: layer
opt:
  es_patience: 50
  lr_init: 0.01
  mode: min
  monitor: val_loss
  n_epochs: 1000
results:
  test:
    acc: 0.6393189430236816
    auprc: 0.6609458327293396
    auroc: 0.8791822195053101
    loss: 1.6433961391448975
  train:
    acc: 0.9916666746139526
    auprc: 0.9999299049377441
    auroc: 0.999985933303833
    loss: 0.42117494344711304
  val:
    acc: 0.5999999642372131
    auprc: 0.6848605275154114
    auroc: 0.8810978531837463
    loss: 1.599646806716919
