data:
  dataset_name: cora,citeseer,pubmed
experiment:
  n_splits: 100
  n_trials: 1
model:
  attn_dropout: 0.3
  basepoint: false
  diff: false
  dropout: 0.9
  gnn_type: GSAN
  jk_type: null
  l2_reg: 0.01
  learn_embedding: false
  n_depth: 1
  n_features: 64
  n_heads: 8
  n_levels: 2
  n_post: 0
  n_pre: 0
  n_steps: 5
  norm_type: layer
opt:
  es_patience: 50
  lr_init: 0.01
  mode: min
  monitor: val_loss
  n_epochs: 1000
results:
  test:
    acc: 0.6792203187942505
    auprc: 0.70945143699646
    auroc: 0.893085241317749
    loss: 1.6447350978851318
  train:
    acc: 0.98333340883255
    auprc: 0.9993771314620972
    auroc: 0.9998685717582703
    loss: 0.4124532639980316
  val:
    acc: 0.644444465637207
    auprc: 0.7161898612976074
    auroc: 0.8937933444976807
    loss: 1.656050205230713
