data:
  dataset_name: cora,citeseer,pubmed
  khop: 1
experiment:
  n_splits: 100
  n_trials: 1
model:
  attn_dropout: 0.3
  basepoint: false
  diff: false
  dropout: 0.9
  gnn_type: GSAN
  jk_type: null
  l2_reg: 0.01
  learn_embedding: false
  n_depth: 1
  n_features: 64
  n_heads: 8
  n_levels: 2
  n_post: 0
  n_pre: 0
  n_steps: 5
  norm_type: layer
opt:
  es_patience: 50
  lr_init: 0.01
  mode: min
  monitor: val_loss
  n_epochs: 1000
results:
  test:
    acc: 0.6659324765205383
    auprc: 0.6938311457633972
    auroc: 0.8807851672172546
    loss: 1.6569238901138306
  train:
    acc: 0.9833333492279053
    auprc: 0.9986914992332458
    auroc: 0.9997223019599915
    loss: 0.38919728994369507
  val:
    acc: 0.699999988079071
    auprc: 0.7136266231536865
    auroc: 0.9005260467529297
    loss: 1.4705820083618164
