data:
  dataset_name: cora,citeseer
  khop: 2
experiment:
  n_splits: 100
  n_trials: 1
model:
  basepoint: false
  diff: false
  dropout: 0.9
  gnn_type: GSN
  jk_type: null
  l2_reg: 0.01
  learn_embedding: false
  n_depth: 1
  n_features: 64
  n_levels: 2
  n_post: 0
  n_pre: 0
  n_steps: 5
  norm_type: layer
opt:
  es_patience: 50
  lr_init: 0.01
  mode: min
  monitor: val_loss
  n_epochs: 1000
results:
  test:
    acc: 0.6152648329734802
    auprc: 0.663301944732666
    auroc: 0.8799067735671997
    loss: 1.6558945178985596
  train:
    acc: 0.98333340883255
    auprc: 0.9999285340309143
    auroc: 0.9999861121177673
    loss: 0.4400756359100342
  val:
    acc: 0.6222222447395325
    auprc: 0.6706111431121826
    auroc: 0.881519079208374
    loss: 1.6108136177062988
