data:
  dataset_name: cora,citeseer,pubmed
  khop: 2
experiment:
  n_splits: 100
  n_trials: 1
model:
  basepoint: false
  diff: false
  dropout: 0.9
  gnn_type: GSN
  jk_type: null
  l2_reg: 0.01
  learn_embedding: false
  n_depth: 1
  n_features: 64
  n_levels: 2
  n_post: 0
  n_pre: 0
  n_steps: 5
  norm_type: layer
opt:
  es_patience: 50
  lr_init: 0.01
  mode: min
  monitor: val_loss
  n_epochs: 1000
results:
  test:
    acc: 0.6339563727378845
    auprc: 0.6858441829681396
    auroc: 0.8897365927696228
    loss: 1.6314617395401
  train:
    acc: 0.9916667342185974
    auprc: 1.0000003576278687
    auroc: 1.0000004768371582
    loss: 0.46120598912239075
  val:
    acc: 0.6499999761581421
    auprc: 0.6703910231590271
    auroc: 0.8821638226509094
    loss: 1.6857002973556519
