data:
  dataset_name: cora,citeseer,pubmed
experiment:
  n_splits: 100
  n_trials: 1
model:
  attn_dropout: 0.3
  basepoint: false
  diff: false
  dropout: 0.9
  gnn_type: GSAN
  jk_type: null
  l2_reg: 0.01
  learn_embedding: false
  n_depth: 1
  n_features: 64
  n_heads: 8
  n_levels: 2
  n_post: 0
  n_pre: 0
  n_steps: 5
  norm_type: layer
opt:
  es_patience: 50
  lr_init: 0.01
  mode: min
  monitor: val_loss
  n_epochs: 1000
results:
  test:
    acc: 0.6960687637329102
    auprc: 0.7161123752593994
    auroc: 0.9000988006591797
    loss: 1.5186868906021118
  train:
    acc: 0.9833333492279053
    auprc: 0.9989457130432129
    auroc: 0.9997779130935669
    loss: 0.48809507489204407
  val:
    acc: 0.6444444060325623
    auprc: 0.6918388605117798
    auroc: 0.8913087844848633
    loss: 1.5754811763763428
