data:
  dataset_name: cora,citeseer,pubmed
experiment:
  n_splits: 100
  n_trials: 1
model:
  attn_dropout: 0.3
  basepoint: false
  diff: false
  dropout: 0.9
  gnn_type: GSAN
  jk_type: null
  l2_reg: 0.01
  learn_embedding: false
  n_depth: 1
  n_features: 64
  n_heads: 8
  n_levels: 2
  n_post: 0
  n_pre: 0
  n_steps: 5
  norm_type: layer
opt:
  es_patience: 50
  lr_init: 0.01
  mode: min
  monitor: val_loss
  n_epochs: 1000
results:
  test:
    acc: 0.6742649078369141
    auprc: 0.7216280698776245
    auroc: 0.8960463404655457
    loss: 1.593416690826416
  train:
    acc: 0.9916666746139526
    auprc: 0.9994587898254395
    auroc: 0.9998892545700073
    loss: 0.41457489132881165
  val:
    acc: 0.7055555582046509
    auprc: 0.7600046396255493
    auroc: 0.9199230670928955
    loss: 1.4596892595291138
