data:
  dataset_name: cora,citeseer,pubmed
  khop: 2
experiment:
  n_splits: 100
  n_trials: 1
model:
  attn_dropout: 0.3
  basepoint: false
  diff: false
  dropout: 0.9
  gnn_type: GSAN
  jk_type: null
  l2_reg: 0.01
  learn_embedding: false
  n_depth: 1
  n_features: 64
  n_heads: 8
  n_levels: 2
  n_post: 0
  n_pre: 0
  n_steps: 5
  norm_type: layer
opt:
  es_patience: 50
  lr_init: 0.01
  mode: min
  monitor: val_loss
  n_epochs: 1000
results:
  test:
    acc: 0.6448598504066467
    auprc: 0.6503427028656006
    auroc: 0.8793328404426575
    loss: 1.6426377296447754
  train:
    acc: 0.9833333492279053
    auprc: 0.998104453086853
    auroc: 0.9996157884597778
    loss: 0.48821380734443665
  val:
    acc: 0.6611111760139465
    auprc: 0.7397838830947876
    auroc: 0.8994653224945068
    loss: 1.5340797901153564
