data:
  dataset_name: cora,citeseer,pubmed
  khop: 2
experiment:
  n_splits: 100
  n_trials: 1
model:
  attn_dropout: 0.3
  basepoint: false
  diff: false
  dropout: 0.9
  gnn_type: GSAN
  jk_type: null
  l2_reg: 0.01
  learn_embedding: false
  n_depth: 1
  n_features: 64
  n_heads: 8
  n_levels: 2
  n_post: 0
  n_pre: 0
  n_steps: 5
  norm_type: layer
opt:
  es_patience: 50
  lr_init: 0.01
  mode: min
  monitor: val_loss
  n_epochs: 1000
results:
  test:
    acc: 0.6034215092658997
    auprc: 0.6350134611129761
    auroc: 0.8603927493095398
    loss: 1.7222012281417847
  train:
    acc: 0.9500000476837158
    auprc: 0.9806115627288818
    auroc: 0.9971492886543274
    loss: 0.5356354117393494
  val:
    acc: 0.6055556535720825
    auprc: 0.662044882774353
    auroc: 0.8727377653121948
    loss: 1.661324143409729
