data:
  dataset_name: cora,citeseer,pubmed
  khop: 2
experiment:
  n_splits: 100
  n_trials: 1
model:
  attn_dropout: 0.3
  basepoint: false
  diff: false
  dropout: 0.9
  gnn_type: GSAN
  jk_type: null
  l2_reg: 0.01
  learn_embedding: false
  n_depth: 1
  n_features: 64
  n_heads: 8
  n_levels: 2
  n_post: 0
  n_pre: 0
  n_steps: 5
  norm_type: layer
opt:
  es_patience: 50
  lr_init: 0.01
  mode: min
  monitor: val_loss
  n_epochs: 1000
results:
  test:
    acc: 0.6290321946144104
    auprc: 0.6535877585411072
    auroc: 0.8761594295501709
    loss: 1.7515606880187988
  train:
    acc: 0.9583333134651184
    auprc: 0.994004487991333
    auroc: 0.9986389875411987
    loss: 0.6902756690979004
  val:
    acc: 0.6666666865348816
    auprc: 0.6546214818954468
    auroc: 0.8650223612785339
    loss: 1.7830735445022583
