data:
  dataset_name: cora,citeseer,pubmed
  khop: 1
experiment:
  n_splits: 100
  n_trials: 1
model:
  basepoint: false
  diff: false
  dropout: 0.9
  gnn_type: GSN
  jk_type: null
  l2_reg: 0.01
  learn_embedding: false
  n_depth: 1
  n_features: 64
  n_levels: 2
  n_post: 0
  n_pre: 0
  n_steps: 5
  norm_type: layer
opt:
  es_patience: 50
  lr_init: 0.01
  mode: min
  monitor: val_loss
  n_epochs: 1000
results:
  test:
    acc: 0.6553254723548889
    auprc: 0.6939746141433716
    auroc: 0.883817732334137
    loss: 1.6662753820419312
  train:
    acc: 1.0
    auprc: 1.0000009536743164
    auroc: 1.0000003576278687
    loss: 0.42411449551582336
  val:
    acc: 0.6166667342185974
    auprc: 0.6737779378890991
    auroc: 0.8754691481590271
    loss: 1.7374725341796875
