data:
  dataset_name: cora,citeseer,pubmed
  khop: 2
experiment:
  n_splits: 100
  n_trials: 1
model:
  basepoint: false
  diff: false
  dropout: 0.9
  gnn_type: GSN
  jk_type: null
  l2_reg: 0.01
  learn_embedding: false
  n_depth: 1
  n_features: 64
  n_levels: 2
  n_post: 0
  n_pre: 0
  n_steps: 5
  norm_type: layer
opt:
  es_patience: 50
  lr_init: 0.01
  mode: min
  monitor: val_loss
  n_epochs: 1000
results:
  test:
    acc: 0.635658860206604
    auprc: 0.6865530014038086
    auroc: 0.8832155466079712
    loss: 1.608913779258728
  train:
    acc: 1.0
    auprc: 1.0
    auroc: 0.9999998807907104
    loss: 0.38349756598472595
  val:
    acc: 0.6166667342185974
    auprc: 0.6723835468292236
    auroc: 0.8840736746788025
    loss: 1.6683247089385986
