data:
  dataset_name: cora,citeseer,pubmed
  khop: 1
experiment:
  n_splits: 100
  n_trials: 1
model:
  attn_dropout: 0.3
  basepoint: false
  diff: false
  dropout: 0.9
  gnn_type: GSAN
  jk_type: null
  l2_reg: 0.01
  learn_embedding: false
  n_depth: 1
  n_features: 64
  n_heads: 8
  n_levels: 2
  n_post: 0
  n_pre: 0
  n_steps: 5
  norm_type: layer
opt:
  es_patience: 50
  lr_init: 0.01
  mode: min
  monitor: val_loss
  n_epochs: 1000
results:
  test:
    acc: 0.6693198084831238
    auprc: 0.6829609870910645
    auroc: 0.8800323605537415
    loss: 1.6787667274475098
  train:
    acc: 0.9666666984558105
    auprc: 0.9961945414543152
    auroc: 0.9991669058799744
    loss: 0.5353838801383972
  val:
    acc: 0.7055556178092957
    auprc: 0.7583814859390259
    auroc: 0.9052841663360596
    loss: 1.515129566192627
