data:
  dataset_name: cora,citeseer,pubmed
  khop: 1
experiment:
  n_splits: 100
  n_trials: 1
model:
  basepoint: false
  diff: false
  dropout: 0.9
  gnn_type: GSN
  jk_type: null
  l2_reg: 0.01
  learn_embedding: false
  n_depth: 1
  n_features: 64
  n_levels: 2
  n_post: 0
  n_pre: 0
  n_steps: 5
  norm_type: layer
opt:
  es_patience: 50
  lr_init: 0.01
  mode: min
  monitor: val_loss
  n_epochs: 1000
results:
  test:
    acc: 0.6734545826911926
    auprc: 0.711721658706665
    auroc: 0.8926072120666504
    loss: 1.6093641519546509
  train:
    acc: 0.98333340883255
    auprc: 0.9994243383407593
    auroc: 0.999887228012085
    loss: 0.28185081481933594
  val:
    acc: 0.699999988079071
    auprc: 0.7286904454231262
    auroc: 0.9077219367027283
    loss: 1.4650096893310547
