data:
  dataset_name: cora,citeseer,pubmed
  khop: 2
experiment:
  n_splits: 100
  n_trials: 1
model:
  basepoint: false
  diff: false
  dropout: 0.9
  gnn_type: GSN
  jk_type: null
  l2_reg: 0.01
  learn_embedding: false
  n_depth: 1
  n_features: 64
  n_levels: 2
  n_post: 0
  n_pre: 0
  n_steps: 5
  norm_type: layer
opt:
  es_patience: 50
  lr_init: 0.01
  mode: min
  monitor: val_loss
  n_epochs: 1000
results:
  test:
    acc: 0.6173228025436401
    auprc: 0.6522941589355469
    auroc: 0.8753044605255127
    loss: 1.6804331541061401
  train:
    acc: 1.0
    auprc: 1.0000001192092896
    auroc: 1.000000238418579
    loss: 0.3006993234157562
  val:
    acc: 0.6388888359069824
    auprc: 0.6878919005393982
    auroc: 0.8897891044616699
    loss: 1.5461180210113525
