data:
  dataset_name: cora,citeseer,pubmed
experiment:
  n_splits: 100
  n_trials: 1
model:
  attn_dropout: 0.3
  basepoint: false
  diff: false
  dropout: 0.9
  gnn_type: GSAN
  jk_type: null
  l2_reg: 0.01
  learn_embedding: false
  n_depth: 1
  n_features: 64
  n_heads: 8
  n_levels: 2
  n_post: 0
  n_pre: 0
  n_steps: 5
  norm_type: layer
opt:
  es_patience: 50
  lr_init: 0.01
  mode: min
  monitor: val_loss
  n_epochs: 1000
results:
  test:
    acc: 0.6841757297515869
    auprc: 0.7292652130126953
    auroc: 0.900962769985199
    loss: 1.5273417234420776
  train:
    acc: 1.0
    auprc: 0.9997303485870361
    auroc: 0.9999444484710693
    loss: 0.43567439913749695
  val:
    acc: 0.7166666984558105
    auprc: 0.7735675573348999
    auroc: 0.9207243919372559
    loss: 1.3566954135894775
