data:
  dataset_name: cora,citeseer,pubmed
  khop: 1
experiment:
  n_splits: 100
  n_trials: 1
model:
  attn_dropout: 0.3
  basepoint: false
  diff: false
  dropout: 0.9
  gnn_type: GSAN
  jk_type: null
  l2_reg: 0.01
  learn_embedding: false
  n_depth: 1
  n_features: 64
  n_heads: 8
  n_levels: 2
  n_post: 0
  n_pre: 0
  n_steps: 5
  norm_type: layer
opt:
  es_patience: 50
  lr_init: 0.01
  mode: min
  monitor: val_loss
  n_epochs: 1000
results:
  test:
    acc: 0.6843636631965637
    auprc: 0.7322931289672852
    auroc: 0.902980625629425
    loss: 1.5398677587509155
  train:
    acc: 0.9750000834465027
    auprc: 0.9847066402435303
    auroc: 0.9983854293823242
    loss: 0.5135535001754761
  val:
    acc: 0.6611111164093018
    auprc: 0.7049612998962402
    auroc: 0.8922238945960999
    loss: 1.6289654970169067
