data:
  dataset_name: cora,citeseer,pubmed
experiment:
  n_splits: 100
  n_trials: 1
model:
  attn_dropout: 0.3
  basepoint: false
  diff: false
  dropout: 0.9
  gnn_type: GSAN
  jk_type: null
  l2_reg: 0.01
  learn_embedding: false
  n_depth: 1
  n_features: 64
  n_heads: 8
  n_levels: 2
  n_post: 0
  n_pre: 0
  n_steps: 5
  norm_type: layer
opt:
  es_patience: 50
  lr_init: 0.01
  mode: min
  monitor: val_loss
  n_epochs: 1000
results:
  test:
    acc: 0.663693368434906
    auprc: 0.7144535183906555
    auroc: 0.900617778301239
    loss: 1.517460823059082
  train:
    acc: 0.98333340883255
    auprc: 0.9997895956039429
    auroc: 0.9999579787254333
    loss: 0.4252733886241913
  val:
    acc: 0.6888889074325562
    auprc: 0.7507001161575317
    auroc: 0.9137316346168518
    loss: 1.4287388324737549
