data:
  dataset_name: cora,citeseer,pubmed
  khop: 1
experiment:
  n_splits: 100
  n_trials: 1
model:
  basepoint: false
  diff: false
  dropout: 0.9
  gnn_type: GSN
  jk_type: null
  l2_reg: 0.01
  learn_embedding: false
  n_depth: 1
  n_features: 64
  n_levels: 2
  n_post: 0
  n_pre: 0
  n_steps: 5
  norm_type: layer
opt:
  es_patience: 50
  lr_init: 0.01
  mode: min
  monitor: val_loss
  n_epochs: 1000
results:
  test:
    acc: 0.6901306509971619
    auprc: 0.7322949171066284
    auroc: 0.905517578125
    loss: 1.4619967937469482
  train:
    acc: 0.9916666746139526
    auprc: 0.9887235164642334
    auroc: 0.9987978935241699
    loss: 0.3864375650882721
  val:
    acc: 0.6833333373069763
    auprc: 0.7550910711288452
    auroc: 0.9161419868469238
    loss: 1.4280339479446411
