data:
  dataset_name: cora,citeseer,pubmed
  khop: 2
experiment:
  n_splits: 100
  n_trials: 1
model:
  attn_dropout: 0.3
  basepoint: false
  diff: false
  dropout: 0.9
  gnn_type: GSAN
  jk_type: null
  l2_reg: 0.01
  learn_embedding: false
  n_depth: 1
  n_features: 64
  n_heads: 8
  n_levels: 2
  n_post: 0
  n_pre: 0
  n_steps: 5
  norm_type: layer
opt:
  es_patience: 50
  lr_init: 0.01
  mode: min
  monitor: val_loss
  n_epochs: 1000
results:
  test:
    acc: 0.611801266670227
    auprc: 0.6384017467498779
    auroc: 0.8610725402832031
    loss: 1.7613475322723389
  train:
    acc: 0.9666666984558105
    auprc: 0.9988932013511658
    auroc: 0.9997767806053162
    loss: 0.44493961334228516
  val:
    acc: 0.6111111640930176
    auprc: 0.6393845081329346
    auroc: 0.8535555601119995
    loss: 1.8392106294631958
