data:
  dataset_name: cora,citeseer,pubmed
  khop: 2
experiment:
  n_splits: 100
  n_trials: 1
model:
  attn_dropout: 0.3
  basepoint: false
  diff: false
  dropout: 0.9
  gnn_type: GSAN
  jk_type: null
  l2_reg: 0.01
  learn_embedding: false
  n_depth: 1
  n_features: 64
  n_heads: 8
  n_levels: 2
  n_post: 0
  n_pre: 0
  n_steps: 5
  norm_type: layer
opt:
  es_patience: 50
  lr_init: 0.01
  mode: min
  monitor: val_loss
  n_epochs: 1000
results:
  test:
    acc: 0.6012460589408875
    auprc: 0.633928656578064
    auroc: 0.8645338416099548
    loss: 1.7238432168960571
  train:
    acc: 0.9750000238418579
    auprc: 0.9986162185668945
    auroc: 0.9997206330299377
    loss: 0.5771344900131226
  val:
    acc: 0.5944444537162781
    auprc: 0.6382027864456177
    auroc: 0.8695397973060608
    loss: 1.6918143033981323
