data:
  dataset_name: cora,citeseer,pubmed
  khop: 2
experiment:
  n_splits: 100
  n_trials: 1
model:
  basepoint: false
  diff: false
  dropout: 0.9
  gnn_type: GSN
  jk_type: null
  l2_reg: 0.01
  learn_embedding: false
  n_depth: 1
  n_features: 64
  n_levels: 2
  n_post: 0
  n_pre: 0
  n_steps: 5
  norm_type: layer
opt:
  es_patience: 50
  lr_init: 0.01
  mode: min
  monitor: val_loss
  n_epochs: 1000
results:
  test:
    acc: 0.6423017382621765
    auprc: 0.680923581123352
    auroc: 0.8787821531295776
    loss: 1.6285167932510376
  train:
    acc: 0.9916666746139526
    auprc: 1.0000004768371582
    auroc: 1.000000238418579
    loss: 0.4949733316898346
  val:
    acc: 0.6111111044883728
    auprc: 0.6170188784599304
    auroc: 0.8499248623847961
    loss: 1.809427261352539
