data:
  dataset_name: cora,citeseer,pubmed
  khop: 2
experiment:
  n_splits: 100
  n_trials: 1
model:
  basepoint: false
  diff: false
  dropout: 0.9
  gnn_type: GSN
  jk_type: null
  l2_reg: 0.01
  learn_embedding: false
  n_depth: 1
  n_features: 64
  n_levels: 2
  n_post: 0
  n_pre: 0
  n_steps: 5
  norm_type: layer
opt:
  es_patience: 50
  lr_init: 0.01
  mode: min
  monitor: val_loss
  n_epochs: 1000
results:
  test:
    acc: 0.6443381309509277
    auprc: 0.6749917268753052
    auroc: 0.8746926188468933
    loss: 1.6850998401641846
  train:
    acc: 0.9749999046325684
    auprc: 0.9918807148933411
    auroc: 0.9989795684814453
    loss: 0.459168404340744
  val:
    acc: 0.6111111640930176
    auprc: 0.6442927122116089
    auroc: 0.8729169368743896
    loss: 1.689326524734497
