data:
  dataset_name: cora,citeseer,pubmed
  khop: 1
experiment:
  n_splits: 100
  n_trials: 1
model:
  attn_dropout: 0.3
  basepoint: false
  diff: false
  dropout: 0.9
  gnn_type: GSAN
  jk_type: null
  l2_reg: 0.01
  learn_embedding: false
  n_depth: 1
  n_features: 64
  n_heads: 8
  n_levels: 2
  n_post: 0
  n_pre: 0
  n_steps: 5
  norm_type: layer
opt:
  es_patience: 50
  lr_init: 0.01
  mode: min
  monitor: val_loss
  n_epochs: 1000
results:
  test:
    acc: 0.6666666865348816
    auprc: 0.7126843929290771
    auroc: 0.891390323638916
    loss: 1.6037306785583496
  train:
    acc: 0.9750000238418579
    auprc: 0.9971335530281067
    auroc: 0.9993571043014526
    loss: 0.44416138529777527
  val:
    acc: 0.7000001072883606
    auprc: 0.6923860907554626
    auroc: 0.8830402493476868
    loss: 1.6406381130218506
