data:
  dataset_name: cora,citeseer,pubmed
  khop: 1
experiment:
  n_splits: 100
  n_trials: 1
model:
  attn_dropout: 0.3
  basepoint: false
  diff: false
  dropout: 0.9
  gnn_type: GSAN
  jk_type: null
  l2_reg: 0.01
  learn_embedding: false
  n_depth: 1
  n_features: 64
  n_heads: 8
  n_levels: 2
  n_post: 0
  n_pre: 0
  n_steps: 5
  norm_type: layer
opt:
  es_patience: 50
  lr_init: 0.01
  mode: min
  monitor: val_loss
  n_epochs: 1000
results:
  test:
    acc: 0.6849112510681152
    auprc: 0.7097028493881226
    auroc: 0.892042875289917
    loss: 1.6109837293624878
  train:
    acc: 0.9833333492279053
    auprc: 0.9819809794425964
    auroc: 0.9983742237091064
    loss: 0.3664513826370239
  val:
    acc: 0.7444444894790649
    auprc: 0.7452956438064575
    auroc: 0.9074661135673523
    loss: 1.4573938846588135
