data:
  dataset_name: cora,citeseer,pubmed
experiment:
  n_splits: 100
  n_trials: 1
model:
  attn_dropout: 0.3
  basepoint: false
  diff: false
  dropout: 0.9
  gnn_type: GSAN
  jk_type: null
  l2_reg: 0.01
  learn_embedding: false
  n_depth: 1
  n_features: 64
  n_heads: 8
  n_levels: 2
  n_post: 0
  n_pre: 0
  n_steps: 5
  norm_type: layer
opt:
  es_patience: 50
  lr_init: 0.01
  mode: min
  monitor: val_loss
  n_epochs: 1000
results:
  test:
    acc: 0.6841757297515869
    auprc: 0.7286317348480225
    auroc: 0.9031038284301758
    loss: 1.5526005029678345
  train:
    acc: 0.9916666746139526
    auprc: 0.9996019005775452
    auroc: 0.9999169111251831
    loss: 0.48677027225494385
  val:
    acc: 0.6277778148651123
    auprc: 0.6946837902069092
    auroc: 0.882504940032959
    loss: 1.7264304161071777
