data:
  dataset_name: cora,citeseer,pubmed
  khop: 2
experiment:
  n_splits: 100
  n_trials: 1
model:
  attn_dropout: 0.3
  basepoint: false
  diff: false
  dropout: 0.9
  gnn_type: GSAN
  jk_type: null
  l2_reg: 0.01
  learn_embedding: false
  n_depth: 1
  n_features: 64
  n_heads: 8
  n_levels: 2
  n_post: 0
  n_pre: 0
  n_steps: 5
  norm_type: layer
opt:
  es_patience: 50
  lr_init: 0.01
  mode: min
  monitor: val_loss
  n_epochs: 1000
results:
  test:
    acc: 0.6408227682113647
    auprc: 0.6510024666786194
    auroc: 0.870147705078125
    loss: 1.695907473564148
  train:
    acc: 0.9666667580604553
    auprc: 0.992843747138977
    auroc: 0.9986697435379028
    loss: 0.4605700373649597
  val:
    acc: 0.644444465637207
    auprc: 0.6868129968643188
    auroc: 0.8901726007461548
    loss: 1.5397528409957886
