data:
  dataset_name: cora,citeseer,pubmed
  khop: 2
experiment:
  n_splits: 100
  n_trials: 1
model:
  attn_dropout: 0.3
  basepoint: false
  diff: false
  dropout: 0.9
  gnn_type: GSAN
  jk_type: null
  l2_reg: 0.01
  learn_embedding: false
  n_depth: 1
  n_features: 64
  n_heads: 8
  n_levels: 2
  n_post: 0
  n_pre: 0
  n_steps: 5
  norm_type: layer
opt:
  es_patience: 50
  lr_init: 0.01
  mode: min
  monitor: val_loss
  n_epochs: 1000
results:
  test:
    acc: 0.628882110118866
    auprc: 0.6440048813819885
    auroc: 0.8656580448150635
    loss: 1.719602108001709
  train:
    acc: 0.9750000238418579
    auprc: 0.9852224588394165
    auroc: 0.9981405138969421
    loss: 0.5393480062484741
  val:
    acc: 0.6666667461395264
    auprc: 0.709938645362854
    auroc: 0.8931106925010681
    loss: 1.5401482582092285
