data:
  dataset_name: cora,citeseer,pubmed
  khop: 2
experiment:
  n_splits: 100
  n_trials: 1
model:
  attn_dropout: 0.3
  basepoint: false
  diff: false
  dropout: 0.9
  gnn_type: GSAN
  jk_type: null
  l2_reg: 0.01
  learn_embedding: false
  n_depth: 1
  n_features: 64
  n_heads: 8
  n_levels: 2
  n_post: 0
  n_pre: 0
  n_steps: 5
  norm_type: layer
opt:
  es_patience: 50
  lr_init: 0.01
  mode: min
  monitor: val_loss
  n_epochs: 1000
results:
  test:
    acc: 0.6199377179145813
    auprc: 0.6515372395515442
    auroc: 0.8668725490570068
    loss: 1.7036255598068237
  train:
    acc: 0.9833332300186157
    auprc: 0.9974061250686646
    auroc: 0.9994167685508728
    loss: 0.4656582474708557
  val:
    acc: 0.6388888359069824
    auprc: 0.6731982231140137
    auroc: 0.8773428201675415
    loss: 1.6038811206817627
