data:
  dataset_name: cora,citeseer,pubmed
experiment:
  n_splits: 100
  n_trials: 1
model:
  attn_dropout: 0.3
  basepoint: false
  diff: false
  dropout: 0.9
  gnn_type: GSAN
  jk_type: null
  l2_reg: 0.01
  learn_embedding: false
  n_depth: 1
  n_features: 64
  n_heads: 8
  n_levels: 2
  n_post: 0
  n_pre: 0
  n_steps: 5
  norm_type: layer
opt:
  es_patience: 50
  lr_init: 0.01
  mode: min
  monitor: val_loss
  n_epochs: 1000
results:
  test:
    acc: 0.6821936368942261
    auprc: 0.7206261157989502
    auroc: 0.8988856673240662
    loss: 1.5576125383377075
  train:
    acc: 0.9666666984558105
    auprc: 0.9978600740432739
    auroc: 0.999562680721283
    loss: 0.5046889185905457
  val:
    acc: 0.7111111283302307
    auprc: 0.7226757407188416
    auroc: 0.9028222560882568
    loss: 1.5012472867965698
