data:
  dataset_name: cora,citeseer,pubmed
experiment:
  n_splits: 100
  n_trials: 1
model:
  attn_dropout: 0.3
  basepoint: false
  diff: false
  dropout: 0.9
  gnn_type: GSAN
  jk_type: null
  l2_reg: 0.01
  learn_embedding: false
  n_depth: 1
  n_features: 64
  n_heads: 8
  n_levels: 2
  n_post: 0
  n_pre: 0
  n_steps: 5
  norm_type: layer
opt:
  es_patience: 50
  lr_init: 0.01
  mode: min
  monitor: val_loss
  n_epochs: 1000
results:
  test:
    acc: 0.6911134123802185
    auprc: 0.7215664386749268
    auroc: 0.9011179804801941
    loss: 1.4835233688354492
  train:
    acc: 0.9666666984558105
    auprc: 0.9954214096069336
    auroc: 0.9990348219871521
    loss: 0.547420859336853
  val:
    acc: 0.7222222685813904
    auprc: 0.8097734451293945
    auroc: 0.9297471046447754
    loss: 1.3107722997665405
