data:
  dataset_name: cora,citeseer,pubmed
experiment:
  n_splits: 100
  n_trials: 1
model:
  attn_dropout: 0.3
  basepoint: false
  diff: false
  dropout: 0.9
  gnn_type: GSAN
  jk_type: null
  l2_reg: 0.01
  learn_embedding: false
  n_depth: 1
  n_features: 64
  n_heads: 8
  n_levels: 2
  n_post: 0
  n_pre: 0
  n_steps: 5
  norm_type: layer
opt:
  es_patience: 50
  lr_init: 0.01
  mode: min
  monitor: val_loss
  n_epochs: 1000
results:
  test:
    acc: 0.7046581506729126
    auprc: 0.7250597476959229
    auroc: 0.9011222720146179
    loss: 1.5526620149612427
  train:
    acc: 0.966666579246521
    auprc: 0.9927351474761963
    auroc: 0.9987541437149048
    loss: 0.5538868308067322
  val:
    acc: 0.6388888359069824
    auprc: 0.6565427184104919
    auroc: 0.8715983033180237
    loss: 1.7583489418029785
