data:
  dataset_name: cora,citeseer,pubmed
  khop: 2
experiment:
  n_splits: 100
  n_trials: 1
model:
  basepoint: false
  diff: false
  dropout: 0.9
  gnn_type: GSN
  jk_type: null
  l2_reg: 0.01
  learn_embedding: false
  n_depth: 1
  n_features: 64
  n_levels: 2
  n_post: 0
  n_pre: 0
  n_steps: 5
  norm_type: layer
opt:
  es_patience: 50
  lr_init: 0.01
  mode: min
  monitor: val_loss
  n_epochs: 1000
results:
  test:
    acc: 0.6052631735801697
    auprc: 0.649290144443512
    auroc: 0.8713054656982422
    loss: 1.722499966621399
  train:
    acc: 0.9916666746139526
    auprc: 1.000000238418579
    auroc: 1.0000001192092896
    loss: 0.47332561016082764
  val:
    acc: 0.5833333730697632
    auprc: 0.623390257358551
    auroc: 0.8625590205192566
    loss: 1.8147079944610596
