data:
  dataset_name: cora,citeseer,pubmed
  khop: 1
experiment:
  n_splits: 100
  n_trials: 1
model:
  attn_dropout: 0.3
  basepoint: false
  diff: false
  dropout: 0.9
  gnn_type: GSAN
  jk_type: null
  l2_reg: 0.01
  learn_embedding: false
  n_depth: 1
  n_features: 64
  n_heads: 8
  n_levels: 2
  n_post: 0
  n_pre: 0
  n_steps: 5
  norm_type: layer
opt:
  es_patience: 50
  lr_init: 0.01
  mode: min
  monitor: val_loss
  n_epochs: 1000
results:
  test:
    acc: 0.6647273302078247
    auprc: 0.6877127885818481
    auroc: 0.8904382586479187
    loss: 1.5873600244522095
  train:
    acc: 0.9750000238418579
    auprc: 0.9988101720809937
    auroc: 0.9997487664222717
    loss: 0.46618759632110596
  val:
    acc: 0.6333333849906921
    auprc: 0.6826915144920349
    auroc: 0.872006356716156
    loss: 1.7168786525726318
