data:
  dataset_name: cora,citeseer
  khop: 2
experiment:
  n_splits: 100
  n_trials: 1
model:
  basepoint: false
  diff: false
  dropout: 0.9
  gnn_type: GSN
  jk_type: null
  l2_reg: 0.01
  learn_embedding: false
  n_depth: 1
  n_features: 64
  n_levels: 2
  n_post: 0
  n_pre: 0
  n_steps: 5
  norm_type: layer
opt:
  es_patience: 50
  lr_init: 0.01
  mode: min
  monitor: val_loss
  n_epochs: 1000
results:
  test:
    acc: 0.6176935434341431
    auprc: 0.6462032794952393
    auroc: 0.8671495914459229
    loss: 1.7427289485931396
  train:
    acc: 0.9916666746139526
    auprc: 1.0000001192092896
    auroc: 1.000000238418579
    loss: 0.36912253499031067
  val:
    acc: 0.6833333373069763
    auprc: 0.7501589059829712
    auroc: 0.9009140133857727
    loss: 1.4232637882232666
