data:
  dataset_name: cora,citeseer,pubmed
  khop: 2
experiment:
  n_splits: 100
  n_trials: 1
model:
  basepoint: false
  diff: false
  dropout: 0.9
  gnn_type: GSN
  jk_type: null
  l2_reg: 0.01
  learn_embedding: false
  n_depth: 1
  n_features: 64
  n_levels: 2
  n_post: 0
  n_pre: 0
  n_steps: 5
  norm_type: layer
opt:
  es_patience: 50
  lr_init: 0.01
  mode: min
  monitor: val_loss
  n_epochs: 1000
results:
  test:
    acc: 0.664037823677063
    auprc: 0.7054611444473267
    auroc: 0.8912955522537231
    loss: 1.555019497871399
  train:
    acc: 0.9916666746139526
    auprc: 1.0
    auroc: 1.0000004768371582
    loss: 0.3505409061908722
  val:
    acc: 0.6500000357627869
    auprc: 0.7033376693725586
    auroc: 0.8877372741699219
    loss: 1.605218768119812
