data:
  dataset_name: cora,citeseer,pubmed
  khop: 1
experiment:
  n_splits: 100
  n_trials: 1
model:
  basepoint: false
  diff: false
  dropout: 0.9
  gnn_type: GSN
  jk_type: null
  l2_reg: 0.01
  learn_embedding: false
  n_depth: 1
  n_features: 64
  n_levels: 2
  n_post: 0
  n_pre: 0
  n_steps: 5
  norm_type: layer
opt:
  es_patience: 50
  lr_init: 0.01
  mode: min
  monitor: val_loss
  n_epochs: 1000
results:
  test:
    acc: 0.6952663064002991
    auprc: 0.7422399520874023
    auroc: 0.9107179641723633
    loss: 1.4590855836868286
  train:
    acc: 0.9833333492279053
    auprc: 0.981619119644165
    auroc: 0.9983460307121277
    loss: 0.4257908761501312
  val:
    acc: 0.7222222089767456
    auprc: 0.7760146260261536
    auroc: 0.9290370345115662
    loss: 1.3583709001541138
