data:
  dataset_name: cora,citeseer,pubmed
experiment:
  n_splits: 100
  n_trials: 1
model:
  attn_dropout: 0.3
  basepoint: false
  diff: false
  dropout: 0.9
  gnn_type: GSAN
  jk_type: null
  l2_reg: 0.01
  learn_embedding: false
  n_depth: 1
  n_features: 64
  n_heads: 8
  n_levels: 2
  n_post: 0
  n_pre: 0
  n_steps: 5
  norm_type: layer
opt:
  es_patience: 50
  lr_init: 0.01
  mode: min
  monitor: val_loss
  n_epochs: 1000
results:
  test:
    acc: 0.6577469110488892
    auprc: 0.7026334404945374
    auroc: 0.8941885232925415
    loss: 1.586780071258545
  train:
    acc: 0.9916666746139526
    auprc: 0.9998611211776733
    auroc: 0.9999722242355347
    loss: 0.3957241177558899
  val:
    acc: 0.694444477558136
    auprc: 0.6888446807861328
    auroc: 0.8888518214225769
    loss: 1.587273359298706
