data:
  dataset_name: cora,citeseer,pubmed
  khop: 1
experiment:
  n_splits: 100
  n_trials: 1
model:
  attn_dropout: 0.3
  basepoint: false
  diff: false
  dropout: 0.9
  gnn_type: GSAN
  jk_type: null
  l2_reg: 0.01
  learn_embedding: false
  n_depth: 1
  n_features: 64
  n_heads: 8
  n_levels: 2
  n_post: 0
  n_pre: 0
  n_steps: 5
  norm_type: layer
opt:
  es_patience: 50
  lr_init: 0.01
  mode: min
  monitor: val_loss
  n_epochs: 1000
results:
  test:
    acc: 0.6659340858459473
    auprc: 0.7096935510635376
    auroc: 0.8967275619506836
    loss: 1.5402475595474243
  train:
    acc: 0.9750000238418579
    auprc: 0.9969440698623657
    auroc: 0.9993568062782288
    loss: 0.49103549122810364
  val:
    acc: 0.5833333730697632
    auprc: 0.6288002133369446
    auroc: 0.8604938387870789
    loss: 1.888559341430664
