data:
  dataset_name: cora,citeseer,pubmed
  khop: 1
experiment:
  n_splits: 100
  n_trials: 1
model:
  basepoint: false
  diff: false
  dropout: 0.9
  gnn_type: GSN
  jk_type: null
  l2_reg: 0.01
  learn_embedding: false
  n_depth: 1
  n_features: 64
  n_levels: 2
  n_post: 0
  n_pre: 0
  n_steps: 5
  norm_type: layer
opt:
  es_patience: 50
  lr_init: 0.01
  mode: min
  monitor: val_loss
  n_epochs: 1000
results:
  test:
    acc: 0.6733779907226562
    auprc: 0.7140771150588989
    auroc: 0.898611307144165
    loss: 1.5370800495147705
  train:
    acc: 1.0
    auprc: 1.000000238418579
    auroc: 1.0000001192092896
    loss: 0.4624306559562683
  val:
    acc: 0.7000001072883606
    auprc: 0.7591087818145752
    auroc: 0.9202717542648315
    loss: 1.420307993888855
