data:
  dataset_name: cora,citeseer,pubmed
  khop: 2
experiment:
  n_splits: 100
  n_trials: 1
model:
  attn_dropout: 0.3
  basepoint: false
  diff: false
  dropout: 0.9
  gnn_type: GSAN
  jk_type: null
  l2_reg: 0.01
  learn_embedding: false
  n_depth: 1
  n_features: 64
  n_heads: 8
  n_levels: 2
  n_post: 0
  n_pre: 0
  n_steps: 5
  norm_type: layer
opt:
  es_patience: 50
  lr_init: 0.01
  mode: min
  monitor: val_loss
  n_epochs: 1000
results:
  test:
    acc: 0.6072553992271423
    auprc: 0.6330152153968811
    auroc: 0.8575077056884766
    loss: 1.7915644645690918
  train:
    acc: 0.9833333492279053
    auprc: 0.9952474236488342
    auroc: 0.9992592334747314
    loss: 0.47191932797431946
  val:
    acc: 0.6333333253860474
    auprc: 0.6880600452423096
    auroc: 0.8872545957565308
    loss: 1.5937237739562988
