data:
  dataset_name: cora,citeseer,pubmed
  khop: 1
experiment:
  n_splits: 100
  n_trials: 1
model:
  attn_dropout: 0.3
  basepoint: false
  diff: false
  dropout: 0.9
  gnn_type: GSAN
  jk_type: null
  l2_reg: 0.01
  learn_embedding: false
  n_depth: 1
  n_features: 64
  n_heads: 8
  n_levels: 2
  n_post: 0
  n_pre: 0
  n_steps: 5
  norm_type: layer
opt:
  es_patience: 50
  lr_init: 0.01
  mode: min
  monitor: val_loss
  n_epochs: 1000
results:
  test:
    acc: 0.6739447116851807
    auprc: 0.7175718545913696
    auroc: 0.8961025476455688
    loss: 1.5738475322723389
  train:
    acc: 0.9833333492279053
    auprc: 0.9987057447433472
    auroc: 0.9997485280036926
    loss: 0.45391738414764404
  val:
    acc: 0.7166666984558105
    auprc: 0.7825119495391846
    auroc: 0.9068540930747986
    loss: 1.4638835191726685
