data:
  dataset_name: cora,citeseer,pubmed
  khop: 2
experiment:
  n_splits: 100
  n_trials: 1
model:
  basepoint: false
  diff: false
  dropout: 0.9
  gnn_type: GSN
  jk_type: null
  l2_reg: 0.01
  learn_embedding: false
  n_depth: 1
  n_features: 64
  n_levels: 2
  n_post: 0
  n_pre: 0
  n_steps: 5
  norm_type: layer
opt:
  es_patience: 50
  lr_init: 0.01
  mode: min
  monitor: val_loss
  n_epochs: 1000
results:
  test:
    acc: 0.6612902879714966
    auprc: 0.6955646276473999
    auroc: 0.8848698139190674
    loss: 1.5805672407150269
  train:
    acc: 1.0
    auprc: 1.0000001192092896
    auroc: 1.0000003576278687
    loss: 0.40798187255859375
  val:
    acc: 0.6611111760139465
    auprc: 0.7007653713226318
    auroc: 0.8924989104270935
    loss: 1.5433251857757568
