data:
  dataset_name: cora,citeseer,pubmed
  khop: 2
experiment:
  n_splits: 100
  n_trials: 1
model:
  attn_dropout: 0.3
  basepoint: false
  diff: false
  dropout: 0.9
  gnn_type: GSAN
  jk_type: null
  l2_reg: 0.01
  learn_embedding: false
  n_depth: 1
  n_features: 64
  n_heads: 8
  n_levels: 2
  n_post: 0
  n_pre: 0
  n_steps: 5
  norm_type: layer
opt:
  es_patience: 50
  lr_init: 0.01
  mode: min
  monitor: val_loss
  n_epochs: 1000
results:
  test:
    acc: 0.6620155572891235
    auprc: 0.6913681030273438
    auroc: 0.8805429339408875
    loss: 1.6548924446105957
  train:
    acc: 0.9750000238418579
    auprc: 0.998224139213562
    auroc: 0.9996183514595032
    loss: 0.4515940248966217
  val:
    acc: 0.6222221851348877
    auprc: 0.6808139681816101
    auroc: 0.8757725954055786
    loss: 1.6732016801834106
