data:
  dataset_name: cora,citeseer,pubmed
  khop: 1
experiment:
  n_splits: 100
  n_trials: 1
model:
  attn_dropout: 0.3
  basepoint: false
  diff: false
  dropout: 0.9
  gnn_type: GSAN
  jk_type: null
  l2_reg: 0.01
  learn_embedding: false
  n_depth: 1
  n_features: 64
  n_heads: 8
  n_levels: 2
  n_post: 0
  n_pre: 0
  n_steps: 5
  norm_type: layer
opt:
  es_patience: 50
  lr_init: 0.01
  mode: min
  monitor: val_loss
  n_epochs: 1000
results:
  test:
    acc: 0.6635036468505859
    auprc: 0.6857771873474121
    auroc: 0.8808769583702087
    loss: 1.6315823793411255
  train:
    acc: 0.9916667342185974
    auprc: 0.9998605847358704
    auroc: 0.9999719858169556
    loss: 0.335896760225296
  val:
    acc: 0.7277777791023254
    auprc: 0.7526453733444214
    auroc: 0.9082584381103516
    loss: 1.4336884021759033
