data:
  dataset_name: cora,citeseer,pubmed
  khop: 2
experiment:
  n_splits: 100
  n_trials: 1
model:
  basepoint: false
  diff: false
  dropout: 0.9
  gnn_type: GSN
  jk_type: null
  l2_reg: 0.01
  learn_embedding: false
  n_depth: 1
  n_features: 64
  n_levels: 2
  n_post: 0
  n_pre: 0
  n_steps: 5
  norm_type: layer
opt:
  es_patience: 50
  lr_init: 0.01
  mode: min
  monitor: val_loss
  n_epochs: 1000
results:
  test:
    acc: 0.6630603075027466
    auprc: 0.7021303176879883
    auroc: 0.8884997367858887
    loss: 1.5798169374465942
  train:
    acc: 1.0
    auprc: 1.0000001192092896
    auroc: 1.0000001192092896
    loss: 0.3242713510990143
  val:
    acc: 0.6944444179534912
    auprc: 0.7160166501998901
    auroc: 0.9072038531303406
    loss: 1.3480547666549683
