data:
  dataset_name: cora,citeseer,pubmed
experiment:
  n_splits: 100
  n_trials: 1
model:
  attn_dropout: 0.3
  basepoint: false
  diff: false
  dropout: 0.9
  gnn_type: GSAN
  jk_type: null
  l2_reg: 0.01
  learn_embedding: false
  n_depth: 1
  n_features: 64
  n_heads: 8
  n_levels: 2
  n_post: 0
  n_pre: 0
  n_steps: 5
  norm_type: layer
opt:
  es_patience: 50
  lr_init: 0.01
  mode: min
  monitor: val_loss
  n_epochs: 1000
results:
  test:
    acc: 0.671952486038208
    auprc: 0.7223309278488159
    auroc: 0.9036079049110413
    loss: 1.5197813510894775
  train:
    acc: 0.9833333492279053
    auprc: 0.9993468523025513
    auroc: 0.9998612403869629
    loss: 0.5216281414031982
  val:
    acc: 0.6666666865348816
    auprc: 0.7241963744163513
    auroc: 0.905151903629303
    loss: 1.5398051738739014
