data:
  dataset_name: cora,citeseer
  khop: 2
experiment:
  n_splits: 100
  n_trials: 1
model:
  basepoint: false
  diff: false
  dropout: 0.9
  gnn_type: GSN
  jk_type: null
  l2_reg: 0.01
  learn_embedding: false
  n_depth: 1
  n_features: 64
  n_levels: 2
  n_post: 0
  n_pre: 0
  n_steps: 5
  norm_type: layer
opt:
  es_patience: 50
  lr_init: 0.01
  mode: min
  monitor: val_loss
  n_epochs: 1000
results:
  test:
    acc: 0.6267717480659485
    auprc: 0.665140688419342
    auroc: 0.873957633972168
    loss: 1.7260336875915527
  train:
    acc: 1.0
    auprc: 1.0000007152557373
    auroc: 1.0000003576278687
    loss: 0.3428736627101898
  val:
    acc: 0.6444444060325623
    auprc: 0.6742682456970215
    auroc: 0.8936134576797485
    loss: 1.5333198308944702
