data:
  dataset_name: cora,citeseer,pubmed
  khop: 1
experiment:
  n_splits: 100
  n_trials: 1
model:
  attn_dropout: 0.3
  basepoint: false
  diff: false
  dropout: 0.9
  gnn_type: GSAN
  jk_type: null
  l2_reg: 0.01
  learn_embedding: false
  n_depth: 1
  n_features: 64
  n_heads: 8
  n_levels: 2
  n_post: 0
  n_pre: 0
  n_steps: 5
  norm_type: layer
opt:
  es_patience: 50
  lr_init: 0.01
  mode: min
  monitor: val_loss
  n_epochs: 1000
results:
  test:
    acc: 0.6790874600410461
    auprc: 0.7191824316978455
    auroc: 0.897590160369873
    loss: 1.5710256099700928
  train:
    acc: 0.9916667342185974
    auprc: 0.9977388978004456
    auroc: 0.9995943903923035
    loss: 0.5594748258590698
  val:
    acc: 0.6277777552604675
    auprc: 0.6360267996788025
    auroc: 0.8738450407981873
    loss: 1.7419631481170654
