data:
  dataset_name: cora,citeseer,pubmed
  khop: 2
experiment:
  n_splits: 100
  n_trials: 1
model:
  attn_dropout: 0.3
  basepoint: false
  diff: false
  dropout: 0.9
  gnn_type: GSAN
  jk_type: null
  l2_reg: 0.01
  learn_embedding: false
  n_depth: 1
  n_features: 64
  n_heads: 8
  n_levels: 2
  n_post: 0
  n_pre: 0
  n_steps: 5
  norm_type: layer
opt:
  es_patience: 50
  lr_init: 0.01
  mode: min
  monitor: val_loss
  n_epochs: 1000
results:
  test:
    acc: 0.5865834355354309
    auprc: 0.6242926716804504
    auroc: 0.8630566000938416
    loss: 1.6890695095062256
  train:
    acc: 0.9583333730697632
    auprc: 0.9944283962249756
    auroc: 0.99872225522995
    loss: 0.5629007816314697
  val:
    acc: 0.6000000238418579
    auprc: 0.6341086626052856
    auroc: 0.8662226796150208
    loss: 1.6880778074264526
