data:
  dataset_name: cora,citeseer,pubmed
  khop: 1
experiment:
  n_splits: 100
  n_trials: 1
model:
  basepoint: false
  diff: false
  dropout: 0.9
  gnn_type: GSN
  jk_type: null
  l2_reg: 0.01
  learn_embedding: false
  n_depth: 1
  n_features: 64
  n_levels: 2
  n_post: 0
  n_pre: 0
  n_steps: 5
  norm_type: layer
opt:
  es_patience: 50
  lr_init: 0.01
  mode: min
  monitor: val_loss
  n_epochs: 1000
results:
  test:
    acc: 0.6189427375793457
    auprc: 0.6716340780258179
    auroc: 0.878968358039856
    loss: 1.6986191272735596
  train:
    acc: 0.98333340883255
    auprc: 0.9997895956039429
    auroc: 0.9999579191207886
    loss: 0.561512291431427
  val:
    acc: 0.5944445133209229
    auprc: 0.6300599575042725
    auroc: 0.8591240048408508
    loss: 1.761824607849121
