data:
  dataset_name: cora,citeseer
  khop: 2
experiment:
  n_splits: 100
  n_trials: 1
model:
  basepoint: false
  diff: false
  dropout: 0.9
  gnn_type: GSN
  jk_type: null
  l2_reg: 0.01
  learn_embedding: false
  n_depth: 1
  n_features: 64
  n_levels: 2
  n_post: 0
  n_pre: 0
  n_steps: 5
  norm_type: layer
opt:
  es_patience: 50
  lr_init: 0.01
  mode: min
  monitor: val_loss
  n_epochs: 1000
results:
  test:
    acc: 0.6124030947685242
    auprc: 0.6417598128318787
    auroc: 0.8797287940979004
    loss: 1.6580077409744263
  train:
    acc: 0.9916666150093079
    auprc: 0.9994571805000305
    auroc: 0.9998950958251953
    loss: 0.5173541903495789
  val:
    acc: 0.6166666746139526
    auprc: 0.656800389289856
    auroc: 0.8745496273040771
    loss: 1.6876276731491089
