data:
  dataset_name: cora,citeseer,pubmed
  khop: 1
experiment:
  n_splits: 100
  n_trials: 1
model:
  basepoint: false
  diff: false
  dropout: 0.9
  gnn_type: GSN
  jk_type: null
  l2_reg: 0.01
  learn_embedding: false
  n_depth: 1
  n_features: 64
  n_levels: 2
  n_post: 0
  n_pre: 0
  n_steps: 5
  norm_type: layer
opt:
  es_patience: 50
  lr_init: 0.01
  mode: min
  monitor: val_loss
  n_epochs: 1000
results:
  test:
    acc: 0.6712827682495117
    auprc: 0.7364637851715088
    auroc: 0.9039722084999084
    loss: 1.5462064743041992
  train:
    acc: 1.0
    auprc: 1.0000004768371582
    auroc: 1.000000238418579
    loss: 0.5029573440551758
  val:
    acc: 0.6888889074325562
    auprc: 0.7116660475730896
    auroc: 0.8979079127311707
    loss: 1.6020684242248535
