data:
  dataset_name: cora,citeseer,pubmed
  khop: 2
experiment:
  n_splits: 100
  n_trials: 1
model:
  basepoint: false
  diff: false
  dropout: 0.9
  gnn_type: GSN
  jk_type: null
  l2_reg: 0.01
  learn_embedding: false
  n_depth: 1
  n_features: 64
  n_levels: 2
  n_post: 0
  n_pre: 0
  n_steps: 5
  norm_type: layer
opt:
  es_patience: 50
  lr_init: 0.01
  mode: min
  monitor: val_loss
  n_epochs: 1000
results:
  test:
    acc: 0.6454121470451355
    auprc: 0.664689302444458
    auroc: 0.8802005052566528
    loss: 1.6684925556182861
  train:
    acc: 0.9916666150093079
    auprc: 0.9999999403953552
    auroc: 1.0
    loss: 0.44189274311065674
  val:
    acc: 0.644444465637207
    auprc: 0.6952574253082275
    auroc: 0.8816487193107605
    loss: 1.6672933101654053
