data:
  dataset_name: cora,citeseer,pubmed
experiment:
  n_splits: 100
  n_trials: 1
model:
  attn_dropout: 0.3
  basepoint: false
  diff: false
  dropout: 0.9
  gnn_type: GSAN
  jk_type: null
  l2_reg: 0.01
  learn_embedding: false
  n_depth: 1
  n_features: 64
  n_heads: 8
  n_levels: 2
  n_post: 0
  n_pre: 0
  n_steps: 5
  norm_type: layer
opt:
  es_patience: 50
  lr_init: 0.01
  mode: min
  monitor: val_loss
  n_epochs: 1000
results:
  test:
    acc: 0.6858276128768921
    auprc: 0.7243868112564087
    auroc: 0.9041162133216858
    loss: 1.4798145294189453
  train:
    acc: 1.0
    auprc: 1.0000005960464478
    auroc: 0.9999999403953552
    loss: 0.4536578953266144
  val:
    acc: 0.6777777671813965
    auprc: 0.7205539345741272
    auroc: 0.9078829884529114
    loss: 1.4515827894210815
