data:
  dataset_name: cora,citeseer,pubmed
  khop: 1
experiment:
  n_splits: 100
  n_trials: 1
model:
  attn_dropout: 0.3
  basepoint: false
  diff: false
  dropout: 0.9
  gnn_type: GSAN
  jk_type: null
  l2_reg: 0.01
  learn_embedding: false
  n_depth: 1
  n_features: 64
  n_heads: 8
  n_levels: 2
  n_post: 0
  n_pre: 0
  n_steps: 5
  norm_type: layer
opt:
  es_patience: 50
  lr_init: 0.01
  mode: min
  monitor: val_loss
  n_epochs: 1000
results:
  test:
    acc: 0.6360293626785278
    auprc: 0.6914246678352356
    auroc: 0.8755167722702026
    loss: 1.7099175453186035
  train:
    acc: 0.9750000834465027
    auprc: 0.9979472160339355
    auroc: 0.9995708465576172
    loss: 0.4422523081302643
  val:
    acc: 0.7222222089767456
    auprc: 0.787832498550415
    auroc: 0.9151106476783752
    loss: 1.3457868099212646
