data:
  dataset_name: cora,citeseer,pubmed
  khop: 2
experiment:
  n_splits: 100
  n_trials: 1
model:
  basepoint: false
  diff: false
  dropout: 0.9
  gnn_type: GSN
  jk_type: null
  l2_reg: 0.01
  learn_embedding: false
  n_depth: 1
  n_features: 64
  n_levels: 2
  n_post: 0
  n_pre: 0
  n_steps: 5
  norm_type: layer
opt:
  es_patience: 50
  lr_init: 0.01
  mode: min
  monitor: val_loss
  n_epochs: 1000
results:
  test:
    acc: 0.6646153330802917
    auprc: 0.6950445175170898
    auroc: 0.8882198333740234
    loss: 1.549750804901123
  train:
    acc: 0.9916666746139526
    auprc: 0.9979893565177917
    auroc: 0.9996435046195984
    loss: 0.33504560589790344
  val:
    acc: 0.6166666746139526
    auprc: 0.7215479612350464
    auroc: 0.8953304886817932
    loss: 1.4787709712982178
