data:
  dataset_name: cora,citeseer,pubmed
  khop: 1
experiment:
  n_splits: 100
  n_trials: 1
model:
  basepoint: false
  diff: false
  dropout: 0.9
  gnn_type: GSN
  jk_type: null
  l2_reg: 0.01
  learn_embedding: false
  n_depth: 1
  n_features: 64
  n_levels: 2
  n_post: 0
  n_pre: 0
  n_steps: 5
  norm_type: layer
opt:
  es_patience: 50
  lr_init: 0.01
  mode: min
  monitor: val_loss
  n_epochs: 1000
results:
  test:
    acc: 0.6588502526283264
    auprc: 0.6936847567558289
    auroc: 0.8894519805908203
    loss: 1.66517174243927
  train:
    acc: 1.0
    auprc: 1.0000009536743164
    auroc: 1.0000001192092896
    loss: 0.5159761905670166
  val:
    acc: 0.6722221970558167
    auprc: 0.6639786958694458
    auroc: 0.8816336393356323
    loss: 1.66455078125
