data:
  dataset_name: cora,citeseer,pubmed
experiment:
  n_splits: 100
  n_trials: 1
model:
  attn_dropout: 0.3
  basepoint: false
  diff: false
  dropout: 0.9
  gnn_type: GSAN
  jk_type: null
  l2_reg: 0.01
  learn_embedding: false
  n_depth: 1
  n_features: 64
  n_heads: 8
  n_levels: 2
  n_post: 0
  n_pre: 0
  n_steps: 5
  norm_type: layer
opt:
  es_patience: 50
  lr_init: 0.01
  mode: min
  monitor: val_loss
  n_epochs: 1000
results:
  test:
    acc: 0.6845061182975769
    auprc: 0.708053708076477
    auroc: 0.8908356428146362
    loss: 1.637986183166504
  train:
    acc: 1.0
    auprc: 1.0000003576278687
    auroc: 0.9999998211860657
    loss: 0.36320891976356506
  val:
    acc: 0.6722222566604614
    auprc: 0.6747593283653259
    auroc: 0.8818783760070801
    loss: 1.646407127380371
