data:
  dataset_name: cora,citeseer,pubmed
  khop: 2
experiment:
  n_splits: 100
  n_trials: 1
model:
  basepoint: false
  diff: false
  dropout: 0.9
  gnn_type: GSN
  jk_type: null
  l2_reg: 0.01
  learn_embedding: false
  n_depth: 1
  n_features: 64
  n_levels: 2
  n_post: 0
  n_pre: 0
  n_steps: 5
  norm_type: layer
opt:
  es_patience: 50
  lr_init: 0.01
  mode: min
  monitor: val_loss
  n_epochs: 1000
results:
  test:
    acc: 0.6209553480148315
    auprc: 0.683477520942688
    auroc: 0.8823163509368896
    loss: 1.6654481887817383
  train:
    acc: 1.0
    auprc: 1.0
    auroc: 1.0
    loss: 0.40321317315101624
  val:
    acc: 0.644444465637207
    auprc: 0.6964412927627563
    auroc: 0.8970330357551575
    loss: 1.5396394729614258
