data:
  dataset_name: cora,citeseer,pubmed
  khop: 1
experiment:
  n_splits: 100
  n_trials: 1
model:
  attn_dropout: 0.3
  basepoint: false
  diff: false
  dropout: 0.9
  gnn_type: GSAN
  jk_type: null
  l2_reg: 0.01
  learn_embedding: false
  n_depth: 1
  n_features: 64
  n_heads: 8
  n_levels: 2
  n_post: 0
  n_pre: 0
  n_steps: 5
  norm_type: layer
opt:
  es_patience: 50
  lr_init: 0.01
  mode: min
  monitor: val_loss
  n_epochs: 1000
results:
  test:
    acc: 0.657270073890686
    auprc: 0.6806604862213135
    auroc: 0.8797085285186768
    loss: 1.6673611402511597
  train:
    acc: 0.9833333492279053
    auprc: 0.9965832829475403
    auroc: 0.9994440674781799
    loss: 0.3831788897514343
  val:
    acc: 0.699999988079071
    auprc: 0.7477008104324341
    auroc: 0.906032383441925
    loss: 1.4316649436950684
