data:
  dataset_name: cora,citeseer,pubmed
  khop: 2
experiment:
  n_splits: 100
  n_trials: 1
model:
  attn_dropout: 0.3
  basepoint: false
  diff: false
  dropout: 0.9
  gnn_type: GSAN
  jk_type: null
  l2_reg: 0.01
  learn_embedding: false
  n_depth: 1
  n_features: 64
  n_heads: 8
  n_levels: 2
  n_post: 0
  n_pre: 0
  n_steps: 5
  norm_type: layer
opt:
  es_patience: 50
  lr_init: 0.01
  mode: min
  monitor: val_loss
  n_epochs: 1000
results:
  test:
    acc: 0.6192733645439148
    auprc: 0.6502217650413513
    auroc: 0.8693878054618835
    loss: 1.6833363771438599
  train:
    acc: 0.9833333492279053
    auprc: 0.9950846433639526
    auroc: 0.9991481304168701
    loss: 0.505675196647644
  val:
    acc: 0.6555556058883667
    auprc: 0.7092519998550415
    auroc: 0.8841081857681274
    loss: 1.5878565311431885
