data:
  dataset_name: cora,citeseer,pubmed
experiment:
  n_splits: 100
  n_trials: 1
model:
  attn_dropout: 0.3
  basepoint: false
  diff: false
  dropout: 0.9
  gnn_type: GSAN
  jk_type: null
  l2_reg: 0.01
  learn_embedding: false
  n_depth: 1
  n_features: 64
  n_heads: 8
  n_levels: 2
  n_post: 0
  n_pre: 0
  n_steps: 5
  norm_type: layer
opt:
  es_patience: 50
  lr_init: 0.01
  mode: min
  monitor: val_loss
  n_epochs: 1000
results:
  test:
    acc: 0.6888008713722229
    auprc: 0.7322927713394165
    auroc: 0.9054087996482849
    loss: 1.4984530210494995
  train:
    acc: 0.9833333492279053
    auprc: 0.9995314478874207
    auroc: 0.999902069568634
    loss: 0.4732544422149658
  val:
    acc: 0.6777777671813965
    auprc: 0.7221972942352295
    auroc: 0.9021292924880981
    loss: 1.5049055814743042
