data:
  dataset_name: cora,citeseer,pubmed
  khop: 1
experiment:
  n_splits: 100
  n_trials: 1
model:
  attn_dropout: 0.3
  basepoint: false
  diff: false
  dropout: 0.9
  gnn_type: GSAN
  jk_type: null
  l2_reg: 0.01
  learn_embedding: false
  n_depth: 1
  n_features: 64
  n_heads: 8
  n_levels: 2
  n_post: 0
  n_pre: 0
  n_steps: 5
  norm_type: layer
opt:
  es_patience: 50
  lr_init: 0.01
  mode: min
  monitor: val_loss
  n_epochs: 1000
results:
  test:
    acc: 0.659621000289917
    auprc: 0.6940282583236694
    auroc: 0.890008270740509
    loss: 1.6481932401657104
  train:
    acc: 0.98333340883255
    auprc: 0.9982696771621704
    auroc: 0.9996367692947388
    loss: 0.5178360939025879
  val:
    acc: 0.6499999761581421
    auprc: 0.6705158352851868
    auroc: 0.8659694790840149
    loss: 1.7966557741165161
