data:
  dataset_name: cora,citeseer,pubmed
  khop: 2
experiment:
  n_splits: 100
  n_trials: 1
model:
  attn_dropout: 0.3
  basepoint: false
  diff: false
  dropout: 0.9
  gnn_type: GSAN
  jk_type: null
  l2_reg: 0.01
  learn_embedding: false
  n_depth: 1
  n_features: 64
  n_heads: 8
  n_levels: 2
  n_post: 0
  n_pre: 0
  n_steps: 5
  norm_type: layer
opt:
  es_patience: 50
  lr_init: 0.01
  mode: min
  monitor: val_loss
  n_epochs: 1000
results:
  test:
    acc: 0.6328125
    auprc: 0.7135865688323975
    auroc: 0.8836666941642761
    loss: 1.658127784729004
  train:
    acc: 0.9583333730697632
    auprc: 0.9900199174880981
    auroc: 0.9982454180717468
    loss: 0.6033049821853638
  val:
    acc: 0.5944443941116333
    auprc: 0.6430596709251404
    auroc: 0.8632654547691345
    loss: 1.8102613687515259
