data:
  dataset_name: cora,citeseer,pubmed
  khop: 2
experiment:
  n_splits: 100
  n_trials: 1
model:
  attn_dropout: 0.3
  basepoint: false
  diff: false
  dropout: 0.9
  gnn_type: GSAN
  jk_type: null
  l2_reg: 0.01
  learn_embedding: false
  n_depth: 1
  n_features: 64
  n_heads: 8
  n_levels: 2
  n_post: 0
  n_pre: 0
  n_steps: 5
  norm_type: layer
opt:
  es_patience: 50
  lr_init: 0.01
  mode: min
  monitor: val_loss
  n_epochs: 1000
results:
  test:
    acc: 0.5971337556838989
    auprc: 0.6126901507377625
    auroc: 0.8516387343406677
    loss: 1.7927435636520386
  train:
    acc: 0.9666666984558105
    auprc: 0.9948007464408875
    auroc: 0.9988197088241577
    loss: 0.474651575088501
  val:
    acc: 0.6277777552604675
    auprc: 0.6676379442214966
    auroc: 0.8858841061592102
    loss: 1.5927611589431763
