data:
  dataset_name: cora,citeseer,pubmed
  khop: 1
experiment:
  n_splits: 100
  n_trials: 1
model:
  attn_dropout: 0.3
  basepoint: false
  diff: false
  dropout: 0.9
  gnn_type: GSAN
  jk_type: null
  l2_reg: 0.01
  learn_embedding: false
  n_depth: 1
  n_features: 64
  n_heads: 8
  n_levels: 2
  n_post: 0
  n_pre: 0
  n_steps: 5
  norm_type: layer
opt:
  es_patience: 50
  lr_init: 0.01
  mode: min
  monitor: val_loss
  n_epochs: 1000
results:
  test:
    acc: 0.6735904812812805
    auprc: 0.7189794182777405
    auroc: 0.8921047449111938
    loss: 1.5889395475387573
  train:
    acc: 0.9916666746139526
    auprc: 0.9992825388908386
    auroc: 0.9998473525047302
    loss: 0.46620380878448486
  val:
    acc: 0.6499999761581421
    auprc: 0.682807207107544
    auroc: 0.8916081190109253
    loss: 1.6103205680847168
