data:
  dataset_name: cora,citeseer,pubmed
experiment:
  n_splits: 100
  n_trials: 1
model:
  attn_dropout: 0.3
  basepoint: false
  diff: false
  dropout: 0.9
  gnn_type: GSAN
  jk_type: null
  l2_reg: 0.01
  learn_embedding: false
  n_depth: 1
  n_features: 64
  n_heads: 8
  n_levels: 2
  n_post: 0
  n_pre: 0
  n_steps: 5
  norm_type: layer
opt:
  es_patience: 50
  lr_init: 0.01
  mode: min
  monitor: val_loss
  n_epochs: 1000
results:
  test:
    acc: 0.6703005433082581
    auprc: 0.7303860783576965
    auroc: 0.9029867649078369
    loss: 1.4884347915649414
  train:
    acc: 0.9916666746139526
    auprc: 0.9999310970306396
    auroc: 0.9999865293502808
    loss: 0.39148199558258057
  val:
    acc: 0.694444477558136
    auprc: 0.7215510606765747
    auroc: 0.8888058662414551
    loss: 1.6141376495361328
