data:
  dataset_name: cora,citeseer,pubmed
  khop: 1
experiment:
  n_splits: 100
  n_trials: 1
model:
  basepoint: false
  diff: false
  dropout: 0.9
  gnn_type: GSN
  jk_type: null
  l2_reg: 0.01
  learn_embedding: false
  n_depth: 1
  n_features: 64
  n_levels: 2
  n_post: 0
  n_pre: 0
  n_steps: 5
  norm_type: layer
opt:
  es_patience: 50
  lr_init: 0.01
  mode: min
  monitor: val_loss
  n_epochs: 1000
results:
  test:
    acc: 0.6778426170349121
    auprc: 0.7076343297958374
    auroc: 0.8952296376228333
    loss: 1.5449475049972534
  train:
    acc: 0.9916667342185974
    auprc: 0.9999998807907104
    auroc: 0.9999998807907104
    loss: 0.37703853845596313
  val:
    acc: 0.6833332777023315
    auprc: 0.7114690542221069
    auroc: 0.8807345032691956
    loss: 1.6411179304122925
