data:
  dataset_name: cora,citeseer,pubmed
experiment:
  n_splits: 100
  n_trials: 1
model:
  attn_dropout: 0.3
  basepoint: false
  diff: false
  dropout: 0.9
  gnn_type: GSAN
  jk_type: null
  l2_reg: 0.01
  learn_embedding: false
  n_depth: 1
  n_features: 64
  n_heads: 8
  n_levels: 2
  n_post: 0
  n_pre: 0
  n_steps: 5
  norm_type: layer
opt:
  es_patience: 50
  lr_init: 0.01
  mode: min
  monitor: val_loss
  n_epochs: 1000
results:
  test:
    acc: 0.6613809466362
    auprc: 0.7070950865745544
    auroc: 0.8869557976722717
    loss: 1.6332690715789795
  train:
    acc: 0.9916666746139526
    auprc: 0.999862015247345
    auroc: 0.9999724626541138
    loss: 0.2568318843841553
  val:
    acc: 0.7222222089767456
    auprc: 0.7565202713012695
    auroc: 0.9033722877502441
    loss: 1.397017240524292
