data:
  dataset_name: cora,citeseer,pubmed
experiment:
  n_splits: 100
  n_trials: 1
model:
  attn_dropout: 0.3
  basepoint: false
  diff: false
  dropout: 0.9
  gnn_type: GSAN
  jk_type: null
  l2_reg: 0.01
  learn_embedding: false
  n_depth: 1
  n_features: 64
  n_heads: 8
  n_levels: 2
  n_post: 0
  n_pre: 0
  n_steps: 5
  norm_type: layer
opt:
  es_patience: 50
  lr_init: 0.01
  mode: min
  monitor: val_loss
  n_epochs: 1000
results:
  test:
    acc: 0.670961320400238
    auprc: 0.7061654329299927
    auroc: 0.8967913389205933
    loss: 1.6072814464569092
  train:
    acc: 0.9833333492279053
    auprc: 0.9989417195320129
    auroc: 0.999783456325531
    loss: 0.48814597725868225
  val:
    acc: 0.6611111760139465
    auprc: 0.6778609752655029
    auroc: 0.8846845030784607
    loss: 1.6245390176773071
