data:
  dataset_name: cora,citeseer,pubmed
  khop: 2
experiment:
  n_splits: 100
  n_trials: 1
model:
  attn_dropout: 0.3
  basepoint: false
  diff: false
  dropout: 0.9
  gnn_type: GSAN
  jk_type: null
  l2_reg: 0.01
  learn_embedding: false
  n_depth: 1
  n_features: 64
  n_heads: 8
  n_levels: 2
  n_post: 0
  n_pre: 0
  n_steps: 5
  norm_type: layer
opt:
  es_patience: 50
  lr_init: 0.01
  mode: min
  monitor: val_loss
  n_epochs: 1000
results:
  test:
    acc: 0.5813586711883545
    auprc: 0.6261990070343018
    auroc: 0.8578391671180725
    loss: 1.7449146509170532
  train:
    acc: 0.9333332777023315
    auprc: 0.9898102283477783
    auroc: 0.9976300001144409
    loss: 0.6323698163032532
  val:
    acc: 0.5999999642372131
    auprc: 0.7113866806030273
    auroc: 0.8917827606201172
    loss: 1.5259939432144165
