data:
  dataset_name: cora,citeseer,pubmed
  khop: 2
experiment:
  n_splits: 100
  n_trials: 1
model:
  attn_dropout: 0.3
  basepoint: false
  diff: false
  dropout: 0.9
  gnn_type: GSAN
  jk_type: null
  l2_reg: 0.01
  learn_embedding: false
  n_depth: 1
  n_features: 64
  n_heads: 8
  n_levels: 2
  n_post: 0
  n_pre: 0
  n_steps: 5
  norm_type: layer
opt:
  es_patience: 50
  lr_init: 0.01
  mode: min
  monitor: val_loss
  n_epochs: 1000
results:
  test:
    acc: 0.6015625
    auprc: 0.6264209747314453
    auroc: 0.853617787361145
    loss: 1.7967300415039062
  train:
    acc: 0.9666666984558105
    auprc: 0.9970880746841431
    auroc: 0.9993754625320435
    loss: 0.3767964243888855
  val:
    acc: 0.7111110687255859
    auprc: 0.7239174246788025
    auroc: 0.8984313011169434
    loss: 1.4462988376617432
