data:
  dataset_name: cora,citeseer,pubmed
  khop: 1
experiment:
  n_splits: 100
  n_trials: 1
model:
  attn_dropout: 0.3
  basepoint: false
  diff: false
  dropout: 0.9
  gnn_type: GSAN
  jk_type: null
  l2_reg: 0.01
  learn_embedding: false
  n_depth: 1
  n_features: 64
  n_heads: 8
  n_levels: 2
  n_post: 0
  n_pre: 0
  n_steps: 5
  norm_type: layer
opt:
  es_patience: 50
  lr_init: 0.01
  mode: min
  monitor: val_loss
  n_epochs: 1000
results:
  test:
    acc: 0.6821191906929016
    auprc: 0.7145594954490662
    auroc: 0.8996762037277222
    loss: 1.5054084062576294
  train:
    acc: 0.9833333492279053
    auprc: 0.9980974197387695
    auroc: 0.9995835423469543
    loss: 0.4835742115974426
  val:
    acc: 0.6722222566604614
    auprc: 0.7010682821273804
    auroc: 0.8908675312995911
    loss: 1.5708675384521484
