data:
  dataset_name: cora,citeseer,pubmed
experiment:
  n_splits: 100
  n_trials: 1
model:
  attn_dropout: 0.3
  basepoint: false
  diff: false
  dropout: 0.9
  gnn_type: GSAN
  jk_type: null
  l2_reg: 0.01
  learn_embedding: false
  n_depth: 1
  n_features: 64
  n_heads: 8
  n_levels: 2
  n_post: 0
  n_pre: 0
  n_steps: 5
  norm_type: layer
opt:
  es_patience: 50
  lr_init: 0.01
  mode: min
  monitor: val_loss
  n_epochs: 1000
results:
  test:
    acc: 0.6798810362815857
    auprc: 0.7465943098068237
    auroc: 0.9089124798774719
    loss: 1.575636863708496
  train:
    acc: 0.9833333492279053
    auprc: 0.9995956420898438
    auroc: 0.9999164938926697
    loss: 0.5353677272796631
  val:
    acc: 0.6277777552604675
    auprc: 0.7230567932128906
    auroc: 0.8877007961273193
    loss: 1.7653207778930664
