data:
  dataset_name: cora,citeseer,pubmed
experiment:
  n_splits: 100
  n_trials: 1
model:
  attn_dropout: 0.3
  basepoint: false
  diff: false
  dropout: 0.9
  gnn_type: GSAN
  jk_type: null
  l2_reg: 0.01
  learn_embedding: false
  n_depth: 1
  n_features: 64
  n_heads: 8
  n_levels: 2
  n_post: 0
  n_pre: 0
  n_steps: 5
  norm_type: layer
opt:
  es_patience: 50
  lr_init: 0.01
  mode: min
  monitor: val_loss
  n_epochs: 1000
results:
  test:
    acc: 0.6729435324668884
    auprc: 0.7206552624702454
    auroc: 0.8973588347434998
    loss: 1.5130823850631714
  train:
    acc: 0.9749999046325684
    auprc: 0.9933236241340637
    auroc: 0.9990631937980652
    loss: 0.35141465067863464
  val:
    acc: 0.6833333373069763
    auprc: 0.7149691581726074
    auroc: 0.8979042172431946
    loss: 1.4754377603530884
