data:
  dataset_name: cora,citeseer,pubmed
  khop: 2
experiment:
  n_splits: 100
  n_trials: 1
model:
  basepoint: false
  diff: false
  dropout: 0.9
  gnn_type: GSN
  jk_type: null
  l2_reg: 0.01
  learn_embedding: false
  n_depth: 1
  n_features: 64
  n_levels: 2
  n_post: 0
  n_pre: 0
  n_steps: 5
  norm_type: layer
opt:
  es_patience: 50
  lr_init: 0.01
  mode: min
  monitor: val_loss
  n_epochs: 1000
results:
  test:
    acc: 0.6261682510375977
    auprc: 0.6936520338058472
    auroc: 0.8835241794586182
    loss: 1.5975427627563477
  train:
    acc: 0.9916666746139526
    auprc: 0.9999648332595825
    auroc: 0.9999929666519165
    loss: 0.3560580909252167
  val:
    acc: 0.6611111164093018
    auprc: 0.7147719860076904
    auroc: 0.8993887305259705
    loss: 1.5089616775512695
