data:
  dataset_name: cora,citeseer,pubmed
  khop: 1
experiment:
  n_splits: 100
  n_trials: 1
model:
  basepoint: false
  diff: false
  dropout: 0.9
  gnn_type: GSN
  jk_type: null
  l2_reg: 0.01
  learn_embedding: false
  n_depth: 1
  n_features: 64
  n_levels: 2
  n_post: 0
  n_pre: 0
  n_steps: 5
  norm_type: layer
opt:
  es_patience: 50
  lr_init: 0.01
  mode: min
  monitor: val_loss
  n_epochs: 1000
results:
  test:
    acc: 0.6698458790779114
    auprc: 0.7351841330528259
    auroc: 0.9042086601257324
    loss: 1.493747353553772
  train:
    acc: 1.0
    auprc: 1.000000238418579
    auroc: 1.0
    loss: 0.40147367119789124
  val:
    acc: 0.7055555582046509
    auprc: 0.7247343063354492
    auroc: 0.8997111320495605
    loss: 1.4803565740585327
