data:
  dataset_name: cora,citeseer,pubmed
  khop: 1
experiment:
  n_splits: 100
  n_trials: 1
model:
  attn_dropout: 0.3
  basepoint: false
  diff: false
  dropout: 0.9
  gnn_type: GSAN
  jk_type: null
  l2_reg: 0.01
  learn_embedding: false
  n_depth: 1
  n_features: 64
  n_heads: 8
  n_levels: 2
  n_post: 0
  n_pre: 0
  n_steps: 5
  norm_type: layer
opt:
  es_patience: 50
  lr_init: 0.01
  mode: min
  monitor: val_loss
  n_epochs: 1000
results:
  test:
    acc: 0.686656653881073
    auprc: 0.7233008146286011
    auroc: 0.9006043076515198
    loss: 1.501582384109497
  train:
    acc: 0.9750000238418579
    auprc: 0.997707188129425
    auroc: 0.9995000958442688
    loss: 0.4197559356689453
  val:
    acc: 0.6722221970558167
    auprc: 0.6726667284965515
    auroc: 0.881827175617218
    loss: 1.6459311246871948
