data:
  dataset_name: cora,citeseer,pubmed
  khop: 2
experiment:
  n_splits: 100
  n_trials: 1
model:
  attn_dropout: 0.3
  basepoint: false
  diff: false
  dropout: 0.9
  gnn_type: GSAN
  jk_type: null
  l2_reg: 0.01
  learn_embedding: false
  n_depth: 1
  n_features: 64
  n_heads: 8
  n_levels: 2
  n_post: 0
  n_pre: 0
  n_steps: 5
  norm_type: layer
opt:
  es_patience: 50
  lr_init: 0.01
  mode: min
  monitor: val_loss
  n_epochs: 1000
results:
  test:
    acc: 0.6561014652252197
    auprc: 0.6746472120285034
    auroc: 0.8661612272262573
    loss: 1.6671655178070068
  train:
    acc: 0.9666666984558105
    auprc: 0.9959640502929688
    auroc: 0.999092161655426
    loss: 0.4769075810909271
  val:
    acc: 0.6277778148651123
    auprc: 0.704831600189209
    auroc: 0.8782840967178345
    loss: 1.6043663024902344
