data:
  dataset_name: cora,citeseer,pubmed
experiment:
  n_splits: 100
  n_trials: 1
model:
  attn_dropout: 0.3
  basepoint: false
  diff: false
  dropout: 0.9
  gnn_type: GSAN
  jk_type: null
  l2_reg: 0.01
  learn_embedding: false
  n_depth: 1
  n_features: 64
  n_heads: 8
  n_levels: 2
  n_post: 0
  n_pre: 0
  n_steps: 5
  norm_type: layer
opt:
  es_patience: 50
  lr_init: 0.01
  mode: min
  monitor: val_loss
  n_epochs: 1000
results:
  test:
    acc: 0.6891312003135681
    auprc: 0.7394189834594727
    auroc: 0.9060453772544861
    loss: 1.4773403406143188
  train:
    acc: 0.9833332896232605
    auprc: 0.9990121126174927
    auroc: 0.9997915625572205
    loss: 0.5147436857223511
  val:
    acc: 0.6555555462837219
    auprc: 0.711609959602356
    auroc: 0.8977828621864319
    loss: 1.592832326889038
