data:
  dataset_name: cora,citeseer
  khop: 2
experiment:
  n_splits: 100
  n_trials: 1
model:
  basepoint: false
  diff: false
  dropout: 0.9
  gnn_type: GSN
  jk_type: null
  l2_reg: 0.01
  learn_embedding: false
  n_depth: 1
  n_features: 64
  n_levels: 2
  n_post: 0
  n_pre: 0
  n_steps: 5
  norm_type: layer
opt:
  es_patience: 50
  lr_init: 0.01
  mode: min
  monitor: val_loss
  n_epochs: 1000
results:
  test:
    acc: 0.6306450963020325
    auprc: 0.659720778465271
    auroc: 0.8753089904785156
    loss: 1.6915175914764404
  train:
    acc: 1.0
    auprc: 0.9999999403953552
    auroc: 1.000000238418579
    loss: 0.44075673818588257
  val:
    acc: 0.6777777671813965
    auprc: 0.7242655158042908
    auroc: 0.8979719877243042
    loss: 1.5571635961532593
