data:
  dataset_name: cora,citeseer,pubmed
  khop: 2
experiment:
  n_splits: 100
  n_trials: 1
model:
  attn_dropout: 0.3
  basepoint: false
  diff: false
  dropout: 0.9
  gnn_type: GSAN
  jk_type: null
  l2_reg: 0.01
  learn_embedding: false
  n_depth: 1
  n_features: 64
  n_heads: 8
  n_levels: 2
  n_post: 0
  n_pre: 0
  n_steps: 5
  norm_type: layer
opt:
  es_patience: 50
  lr_init: 0.01
  mode: min
  monitor: val_loss
  n_epochs: 1000
results:
  test:
    acc: 0.6006389856338501
    auprc: 0.6522983312606812
    auroc: 0.8766952753067017
    loss: 1.620883822441101
  train:
    acc: 0.9750000238418579
    auprc: 0.9976778626441956
    auroc: 0.9995003342628479
    loss: 0.47799354791641235
  val:
    acc: 0.6277777552604675
    auprc: 0.6265325546264648
    auroc: 0.8569970726966858
    loss: 1.7427995204925537
