data:
  dataset_name: cora,citeseer,pubmed
  khop: 2
experiment:
  n_splits: 100
  n_trials: 1
model:
  attn_dropout: 0.3
  basepoint: false
  diff: false
  dropout: 0.9
  gnn_type: GSAN
  jk_type: null
  l2_reg: 0.01
  learn_embedding: false
  n_depth: 1
  n_features: 64
  n_heads: 8
  n_levels: 2
  n_post: 0
  n_pre: 0
  n_steps: 5
  norm_type: layer
opt:
  es_patience: 50
  lr_init: 0.01
  mode: min
  monitor: val_loss
  n_epochs: 1000
results:
  test:
    acc: 0.6362228393554688
    auprc: 0.6714857816696167
    auroc: 0.8661658763885498
    loss: 1.7128301858901978
  train:
    acc: 0.9416667222976685
    auprc: 0.9907808899879456
    auroc: 0.9980010986328125
    loss: 0.4695260226726532
  val:
    acc: 0.661111056804657
    auprc: 0.6583691239356995
    auroc: 0.8860890865325928
    loss: 1.5699594020843506
