data:
  dataset_name: cora,citeseer,pubmed
  khop: 1
experiment:
  n_splits: 100
  n_trials: 1
model:
  basepoint: false
  diff: false
  dropout: 0.9
  gnn_type: GSN
  jk_type: null
  l2_reg: 0.01
  learn_embedding: false
  n_depth: 1
  n_features: 64
  n_levels: 2
  n_post: 0
  n_pre: 0
  n_steps: 5
  norm_type: layer
opt:
  es_patience: 50
  lr_init: 0.01
  mode: min
  monitor: val_loss
  n_epochs: 1000
results:
  test:
    acc: 0.6826783418655396
    auprc: 0.7323010563850403
    auroc: 0.9029960632324219
    loss: 1.5397145748138428
  train:
    acc: 0.9833332896232605
    auprc: 1.0
    auroc: 1.000000238418579
    loss: 0.3355422019958496
  val:
    acc: 0.7388889193534851
    auprc: 0.7818304300308228
    auroc: 0.9139875769615173
    loss: 1.3999868631362915
