data:
  dataset_name: cora,citeseer,pubmed
  khop: 1
experiment:
  n_splits: 100
  n_trials: 1
model:
  attn_dropout: 0.3
  basepoint: false
  diff: false
  dropout: 0.9
  gnn_type: GSAN
  jk_type: null
  l2_reg: 0.01
  learn_embedding: false
  n_depth: 1
  n_features: 64
  n_heads: 8
  n_levels: 2
  n_post: 0
  n_pre: 0
  n_steps: 5
  norm_type: layer
opt:
  es_patience: 50
  lr_init: 0.01
  mode: min
  monitor: val_loss
  n_epochs: 1000
results:
  test:
    acc: 0.6582186818122864
    auprc: 0.7035940885543823
    auroc: 0.8877127766609192
    loss: 1.6303324699401855
  train:
    acc: 0.9750000238418579
    auprc: 0.9983246326446533
    auroc: 0.9996390342712402
    loss: 0.5227450132369995
  val:
    acc: 0.7111111283302307
    auprc: 0.6951565146446228
    auroc: 0.8810355067253113
    loss: 1.6675711870193481
