data:
  dataset_name: cora,citeseer,pubmed
experiment:
  n_splits: 100
  n_trials: 1
model:
  attn_dropout: 0.3
  basepoint: false
  diff: false
  dropout: 0.9
  gnn_type: GSAN
  jk_type: null
  l2_reg: 0.01
  learn_embedding: false
  n_depth: 1
  n_features: 64
  n_heads: 8
  n_levels: 2
  n_post: 0
  n_pre: 0
  n_steps: 5
  norm_type: layer
opt:
  es_patience: 50
  lr_init: 0.01
  mode: min
  monitor: val_loss
  n_epochs: 1000
results:
  test:
    acc: 0.6861579418182373
    auprc: 0.7281476855278015
    auroc: 0.9014171957969666
    loss: 1.5656720399856567
  train:
    acc: 1.0
    auprc: 1.0000003576278687
    auroc: 0.9999998211860657
    loss: 0.47069481015205383
  val:
    acc: 0.6722223162651062
    auprc: 0.7517462968826294
    auroc: 0.9141325950622559
    loss: 1.4513449668884277
