data:
  dataset_name: cora,citeseer,pubmed
  khop: 2
experiment:
  n_splits: 100
  n_trials: 1
model:
  attn_dropout: 0.3
  basepoint: false
  diff: false
  dropout: 0.9
  gnn_type: GSAN
  jk_type: null
  l2_reg: 0.01
  learn_embedding: false
  n_depth: 1
  n_features: 64
  n_heads: 8
  n_levels: 2
  n_post: 0
  n_pre: 0
  n_steps: 5
  norm_type: layer
opt:
  es_patience: 50
  lr_init: 0.01
  mode: min
  monitor: val_loss
  n_epochs: 1000
results:
  test:
    acc: 0.635646641254425
    auprc: 0.6873679161071777
    auroc: 0.8884205222129822
    loss: 1.5842986106872559
  train:
    acc: 0.9666667580604553
    auprc: 0.9954768419265747
    auroc: 0.9990631937980652
    loss: 0.5420600175857544
  val:
    acc: 0.638888955116272
    auprc: 0.638279914855957
    auroc: 0.8702002763748169
    loss: 1.7114962339401245
