data:
  dataset_name: cora,citeseer,pubmed
  khop: 1
experiment:
  n_splits: 100
  n_trials: 1
model:
  attn_dropout: 0.3
  basepoint: false
  diff: false
  dropout: 0.9
  gnn_type: GSAN
  jk_type: null
  l2_reg: 0.01
  learn_embedding: false
  n_depth: 1
  n_features: 64
  n_heads: 8
  n_levels: 2
  n_post: 0
  n_pre: 0
  n_steps: 5
  norm_type: layer
opt:
  es_patience: 50
  lr_init: 0.01
  mode: min
  monitor: val_loss
  n_epochs: 1000
results:
  test:
    acc: 0.6583026051521301
    auprc: 0.7158399820327759
    auroc: 0.8965415954589844
    loss: 1.5157883167266846
  train:
    acc: 0.9916667342185974
    auprc: 0.9993312954902649
    auroc: 0.9998610615730286
    loss: 0.35629406571388245
  val:
    acc: 0.6833333373069763
    auprc: 0.7194209098815918
    auroc: 0.8956032991409302
    loss: 1.4956005811691284
