data:
  dataset_name: cora,citeseer,pubmed
  khop: 2
experiment:
  n_splits: 100
  n_trials: 1
model:
  attn_dropout: 0.3
  basepoint: false
  diff: false
  dropout: 0.9
  gnn_type: GSAN
  jk_type: null
  l2_reg: 0.01
  learn_embedding: false
  n_depth: 1
  n_features: 64
  n_heads: 8
  n_levels: 2
  n_post: 0
  n_pre: 0
  n_steps: 5
  norm_type: layer
opt:
  es_patience: 50
  lr_init: 0.01
  mode: min
  monitor: val_loss
  n_epochs: 1000
results:
  test:
    acc: 0.6182380318641663
    auprc: 0.6440838575363159
    auroc: 0.8690923452377319
    loss: 1.6403536796569824
  train:
    acc: 0.9583333730697632
    auprc: 0.9956223964691162
    auroc: 0.9990501999855042
    loss: 0.45982182025909424
  val:
    acc: 0.6833333969116211
    auprc: 0.6521921157836914
    auroc: 0.885503351688385
    loss: 1.5285283327102661
