data:
  dataset_name: cora,citeseer,pubmed
  khop: 1
experiment:
  n_splits: 100
  n_trials: 1
model:
  attn_dropout: 0.3
  basepoint: false
  diff: false
  dropout: 0.9
  gnn_type: GSAN
  jk_type: null
  l2_reg: 0.01
  learn_embedding: false
  n_depth: 1
  n_features: 64
  n_heads: 8
  n_levels: 2
  n_post: 0
  n_pre: 0
  n_steps: 5
  norm_type: layer
opt:
  es_patience: 50
  lr_init: 0.01
  mode: min
  monitor: val_loss
  n_epochs: 1000
results:
  test:
    acc: 0.649773120880127
    auprc: 0.6702820658683777
    auroc: 0.8806218504905701
    loss: 1.6914212703704834
  train:
    acc: 0.9833333492279053
    auprc: 0.9993857145309448
    auroc: 0.9998754262924194
    loss: 0.45965123176574707
  val:
    acc: 0.6388888955116272
    auprc: 0.653098464012146
    auroc: 0.8754673600196838
    loss: 1.7378292083740234
