data:
  dataset_name: cora,citeseer,pubmed
experiment:
  n_splits: 100
  n_trials: 1
model:
  attn_dropout: 0.3
  basepoint: false
  diff: false
  dropout: 0.9
  gnn_type: GSAN
  jk_type: null
  l2_reg: 0.01
  learn_embedding: false
  n_depth: 1
  n_features: 64
  n_heads: 8
  n_levels: 2
  n_post: 0
  n_pre: 0
  n_steps: 5
  norm_type: layer
opt:
  es_patience: 50
  lr_init: 0.01
  mode: min
  monitor: val_loss
  n_epochs: 1000
results:
  test:
    acc: 0.6878097057342529
    auprc: 0.7313710451126099
    auroc: 0.900799036026001
    loss: 1.5745059251785278
  train:
    acc: 1.0
    auprc: 0.9994583129882812
    auroc: 0.9998890161514282
    loss: 0.5001405477523804
  val:
    acc: 0.7277777791023254
    auprc: 0.7809869050979614
    auroc: 0.9126815795898438
    loss: 1.4330915212631226
