data:
  dataset_name: cora,citeseer,pubmed
  khop: 2
experiment:
  n_splits: 100
  n_trials: 1
model:
  attn_dropout: 0.3
  basepoint: false
  diff: false
  dropout: 0.9
  gnn_type: GSAN
  jk_type: null
  l2_reg: 0.01
  learn_embedding: false
  n_depth: 1
  n_features: 64
  n_heads: 8
  n_levels: 2
  n_post: 0
  n_pre: 0
  n_steps: 5
  norm_type: layer
opt:
  es_patience: 50
  lr_init: 0.01
  mode: min
  monitor: val_loss
  n_epochs: 1000
results:
  test:
    acc: 0.6299212574958801
    auprc: 0.6722283363342285
    auroc: 0.8730271458625793
    loss: 1.6781096458435059
  train:
    acc: 0.9583333730697632
    auprc: 0.9961209893226624
    auroc: 0.9991529583930969
    loss: 0.465750515460968
  val:
    acc: 0.6000000238418579
    auprc: 0.5949624180793762
    auroc: 0.8468524813652039
    loss: 1.8285746574401855
