data:
  dataset_name: cora,citeseer,pubmed
  khop: 1
experiment:
  n_splits: 100
  n_trials: 1
model:
  attn_dropout: 0.3
  basepoint: false
  diff: false
  dropout: 0.9
  gnn_type: GSAN
  jk_type: null
  l2_reg: 0.01
  learn_embedding: false
  n_depth: 1
  n_features: 64
  n_heads: 8
  n_levels: 2
  n_post: 0
  n_pre: 0
  n_steps: 5
  norm_type: layer
opt:
  es_patience: 50
  lr_init: 0.01
  mode: min
  monitor: val_loss
  n_epochs: 1000
results:
  test:
    acc: 0.6669111847877502
    auprc: 0.7103810906410217
    auroc: 0.8906117677688599
    loss: 1.6318007707595825
  train:
    acc: 0.966666579246521
    auprc: 0.9975436925888062
    auroc: 0.9994761943817139
    loss: 0.4776003956794739
  val:
    acc: 0.7222221493721008
    auprc: 0.7292996644973755
    auroc: 0.8976244330406189
    loss: 1.5125948190689087
