data:
  dataset_name: cora,citeseer,pubmed
  khop: 1
experiment:
  n_splits: 100
  n_trials: 1
model:
  attn_dropout: 0.3
  basepoint: false
  diff: false
  dropout: 0.9
  gnn_type: GSAN
  jk_type: null
  l2_reg: 0.01
  learn_embedding: false
  n_depth: 1
  n_features: 64
  n_heads: 8
  n_levels: 2
  n_post: 0
  n_pre: 0
  n_steps: 5
  norm_type: layer
opt:
  es_patience: 50
  lr_init: 0.01
  mode: min
  monitor: val_loss
  n_epochs: 1000
results:
  test:
    acc: 0.6791908144950867
    auprc: 0.695990264415741
    auroc: 0.885154664516449
    loss: 1.629797339439392
  train:
    acc: 0.9666666984558105
    auprc: 0.9873517751693726
    auroc: 0.998556911945343
    loss: 0.27015653252601624
  val:
    acc: 0.73333340883255
    auprc: 0.811846137046814
    auroc: 0.920632541179657
    loss: 1.3088152408599854
