data:
  dataset_name: cora,citeseer,pubmed
  khop: 1
experiment:
  n_splits: 100
  n_trials: 1
model:
  attn_dropout: 0.3
  basepoint: false
  diff: false
  dropout: 0.9
  gnn_type: GSAN
  jk_type: null
  l2_reg: 0.01
  learn_embedding: false
  n_depth: 1
  n_features: 64
  n_heads: 8
  n_levels: 2
  n_post: 0
  n_pre: 0
  n_steps: 5
  norm_type: layer
opt:
  es_patience: 50
  lr_init: 0.01
  mode: min
  monitor: val_loss
  n_epochs: 1000
results:
  test:
    acc: 0.6603636741638184
    auprc: 0.6977471113204956
    auroc: 0.8905150294303894
    loss: 1.5871089696884155
  train:
    acc: 0.9750000834465027
    auprc: 0.9966104626655579
    auroc: 0.9993947148323059
    loss: 0.4932897388935089
  val:
    acc: 0.6833333373069763
    auprc: 0.731276273727417
    auroc: 0.902894914150238
    loss: 1.5051524639129639
