data:
  dataset_name: cora,citeseer,pubmed
  khop: 1
experiment:
  n_splits: 100
  n_trials: 1
model:
  attn_dropout: 0.3
  basepoint: false
  diff: false
  dropout: 0.9
  gnn_type: GSAN
  jk_type: null
  l2_reg: 0.01
  learn_embedding: false
  n_depth: 1
  n_features: 64
  n_heads: 8
  n_levels: 2
  n_post: 0
  n_pre: 0
  n_steps: 5
  norm_type: layer
opt:
  es_patience: 50
  lr_init: 0.01
  mode: min
  monitor: val_loss
  n_epochs: 1000
results:
  test:
    acc: 0.6683785319328308
    auprc: 0.7057083249092102
    auroc: 0.8921195864677429
    loss: 1.634448766708374
  train:
    acc: 0.9750000834465027
    auprc: 0.9978668093681335
    auroc: 0.9995425939559937
    loss: 0.4314271807670593
  val:
    acc: 0.6833333373069763
    auprc: 0.7596180438995361
    auroc: 0.9097000360488892
    loss: 1.4787142276763916
