data:
  dataset_name: cora,citeseer,pubmed
  khop: 1
experiment:
  n_splits: 100
  n_trials: 1
model:
  basepoint: false
  diff: false
  dropout: 0.9
  gnn_type: GSN
  jk_type: null
  l2_reg: 0.01
  learn_embedding: false
  n_depth: 1
  n_features: 64
  n_levels: 2
  n_post: 0
  n_pre: 0
  n_steps: 5
  norm_type: layer
opt:
  es_patience: 50
  lr_init: 0.01
  mode: min
  monitor: val_loss
  n_epochs: 1000
results:
  test:
    acc: 0.6833333969116211
    auprc: 0.7354065179824829
    auroc: 0.903078019618988
    loss: 1.5256047248840332
  train:
    acc: 1.0
    auprc: 1.0000004768371582
    auroc: 1.0000001192092896
    loss: 0.39891621470451355
  val:
    acc: 0.7000000476837158
    auprc: 0.7466734647750854
    auroc: 0.9027277231216431
    loss: 1.5195105075836182
