data:
  dataset_name: cora,citeseer,pubmed
experiment:
  n_splits: 100
  n_trials: 1
model:
  attn_dropout: 0.3
  basepoint: false
  diff: false
  dropout: 0.9
  gnn_type: GSAN
  jk_type: null
  l2_reg: 0.01
  learn_embedding: false
  n_depth: 1
  n_features: 64
  n_heads: 8
  n_levels: 2
  n_post: 0
  n_pre: 0
  n_steps: 5
  norm_type: layer
opt:
  es_patience: 50
  lr_init: 0.01
  mode: min
  monitor: val_loss
  n_epochs: 1000
results:
  test:
    acc: 0.6937562227249146
    auprc: 0.7189023494720459
    auroc: 0.8958351612091064
    loss: 1.5031061172485352
  train:
    acc: 1.0
    auprc: 0.9999999403953552
    auroc: 0.9999998807907104
    loss: 0.3396098017692566
  val:
    acc: 0.694444477558136
    auprc: 0.7088632583618164
    auroc: 0.9010936617851257
    loss: 1.4715609550476074
