data:
  dataset_name: cora,citeseer,pubmed
  khop: 1
experiment:
  n_splits: 100
  n_trials: 1
model:
  basepoint: false
  diff: false
  dropout: 0.9
  gnn_type: GSN
  jk_type: null
  l2_reg: 0.01
  learn_embedding: false
  n_depth: 1
  n_features: 64
  n_levels: 2
  n_post: 0
  n_pre: 0
  n_steps: 5
  norm_type: layer
opt:
  es_patience: 50
  lr_init: 0.01
  mode: min
  monitor: val_loss
  n_epochs: 1000
results:
  test:
    acc: 0.7023013830184937
    auprc: 0.7556047439575195
    auroc: 0.9094156622886658
    loss: 1.4582042694091797
  train:
    acc: 0.9916666746139526
    auprc: 0.9999309778213501
    auroc: 0.9999862313270569
    loss: 0.3253941535949707
  val:
    acc: 0.7111110687255859
    auprc: 0.7477339506149292
    auroc: 0.9137933850288391
    loss: 1.3957467079162598
