data:
  dataset_name: cora,citeseer,pubmed
  khop: 1
experiment:
  n_splits: 100
  n_trials: 1
model:
  basepoint: false
  diff: false
  dropout: 0.9
  gnn_type: GSN
  jk_type: null
  l2_reg: 0.01
  learn_embedding: false
  n_depth: 1
  n_features: 64
  n_levels: 2
  n_post: 0
  n_pre: 0
  n_steps: 5
  norm_type: layer
opt:
  es_patience: 50
  lr_init: 0.01
  mode: min
  monitor: val_loss
  n_epochs: 1000
results:
  test:
    acc: 0.671480119228363
    auprc: 0.7195621728897095
    auroc: 0.8964105248451233
    loss: 1.5431543588638306
  train:
    acc: 0.9916667342185974
    auprc: 0.9994574785232544
    auroc: 0.9998949766159058
    loss: 0.38365280628204346
  val:
    acc: 0.7333332896232605
    auprc: 0.7420831918716431
    auroc: 0.8981114625930786
    loss: 1.5247973203659058
