data:
  dataset_name: cora,citeseer,pubmed
  khop: 2
experiment:
  n_splits: 100
  n_trials: 1
model:
  basepoint: false
  diff: false
  dropout: 0.9
  gnn_type: GSN
  jk_type: null
  l2_reg: 0.01
  learn_embedding: false
  n_depth: 1
  n_features: 64
  n_levels: 2
  n_post: 0
  n_pre: 0
  n_steps: 5
  norm_type: layer
opt:
  es_patience: 50
  lr_init: 0.01
  mode: min
  monitor: val_loss
  n_epochs: 1000
results:
  test:
    acc: 0.6145339608192444
    auprc: 0.6720011234283447
    auroc: 0.8747256398200989
    loss: 1.6812325716018677
  train:
    acc: 0.9916666746139526
    auprc: 0.9968187808990479
    auroc: 0.999478816986084
    loss: 0.338572233915329
  val:
    acc: 0.6833333969116211
    auprc: 0.7247528433799744
    auroc: 0.894296407699585
    loss: 1.529303789138794
