data:
  dataset_name: cora,citeseer,pubmed
  khop: 1
experiment:
  n_splits: 100
  n_trials: 1
model:
  basepoint: false
  diff: false
  dropout: 0.9
  gnn_type: GSN
  jk_type: null
  l2_reg: 0.01
  learn_embedding: false
  n_depth: 1
  n_features: 64
  n_levels: 2
  n_post: 0
  n_pre: 0
  n_steps: 5
  norm_type: layer
opt:
  es_patience: 50
  lr_init: 0.01
  mode: min
  monitor: val_loss
  n_epochs: 1000
results:
  test:
    acc: 0.6829992532730103
    auprc: 0.729145884513855
    auroc: 0.895167350769043
    loss: 1.6391737461090088
  train:
    acc: 0.9833333492279053
    auprc: 0.987989604473114
    auroc: 0.9987261295318604
    loss: 0.4602220058441162
  val:
    acc: 0.6833333969116211
    auprc: 0.6822099685668945
    auroc: 0.867864191532135
    loss: 1.8133518695831299
