data:
  dataset_name: cora,citeseer,pubmed
  khop: 1
experiment:
  n_splits: 100
  n_trials: 1
model:
  basepoint: false
  diff: false
  dropout: 0.9
  gnn_type: GSN
  jk_type: null
  l2_reg: 0.01
  learn_embedding: false
  n_depth: 1
  n_features: 64
  n_levels: 2
  n_post: 0
  n_pre: 0
  n_steps: 5
  norm_type: layer
opt:
  es_patience: 50
  lr_init: 0.01
  mode: min
  monitor: val_loss
  n_epochs: 1000
results:
  test:
    acc: 0.679913341999054
    auprc: 0.7322264909744263
    auroc: 0.9044807553291321
    loss: 1.523732304573059
  train:
    acc: 0.9916666150093079
    auprc: 0.9965821504592896
    auroc: 0.9994407892227173
    loss: 0.4304910898208618
  val:
    acc: 0.6833332777023315
    auprc: 0.769891619682312
    auroc: 0.9203153252601624
    loss: 1.4495885372161865
