data:
  dataset_name: cora,citeseer,pubmed
  khop: 1
experiment:
  n_splits: 100
  n_trials: 1
model:
  attn_dropout: 0.3
  basepoint: false
  diff: false
  dropout: 0.9
  gnn_type: GSAN
  jk_type: null
  l2_reg: 0.01
  learn_embedding: false
  n_depth: 1
  n_features: 64
  n_heads: 8
  n_levels: 2
  n_post: 0
  n_pre: 0
  n_steps: 5
  norm_type: layer
opt:
  es_patience: 50
  lr_init: 0.01
  mode: min
  monitor: val_loss
  n_epochs: 1000
results:
  test:
    acc: 0.6733481884002686
    auprc: 0.7175555229187012
    auroc: 0.8977454900741577
    loss: 1.5476462841033936
  train:
    acc: 0.9916666746139526
    auprc: 0.9994629621505737
    auroc: 0.9998888969421387
    loss: 0.5307992696762085
  val:
    acc: 0.6500000357627869
    auprc: 0.7158608436584473
    auroc: 0.904270589351654
    loss: 1.5294880867004395
