data:
  dataset_name: cora,citeseer,pubmed
  khop: 1
experiment:
  n_splits: 100
  n_trials: 1
model:
  attn_dropout: 0.3
  basepoint: false
  diff: false
  dropout: 0.9
  gnn_type: GSAN
  jk_type: null
  l2_reg: 0.01
  learn_embedding: false
  n_depth: 1
  n_features: 64
  n_heads: 8
  n_levels: 2
  n_post: 0
  n_pre: 0
  n_steps: 5
  norm_type: layer
opt:
  es_patience: 50
  lr_init: 0.01
  mode: min
  monitor: val_loss
  n_epochs: 1000
results:
  test:
    acc: 0.6703057289123535
    auprc: 0.7222054600715637
    auroc: 0.8960147500038147
    loss: 1.5788787603378296
  train:
    acc: 0.9583333134651184
    auprc: 0.9975758194923401
    auroc: 0.9995003342628479
    loss: 0.5204841494560242
  val:
    acc: 0.694444477558136
    auprc: 0.7584017515182495
    auroc: 0.9050493836402893
    loss: 1.508663296699524
