data:
  dataset_name: cora,citeseer,pubmed
  khop: 1
experiment:
  n_splits: 100
  n_trials: 1
model:
  attn_dropout: 0.3
  basepoint: false
  diff: false
  dropout: 0.9
  gnn_type: GSAN
  jk_type: null
  l2_reg: 0.01
  learn_embedding: false
  n_depth: 1
  n_features: 64
  n_heads: 8
  n_levels: 2
  n_post: 0
  n_pre: 0
  n_steps: 5
  norm_type: layer
opt:
  es_patience: 50
  lr_init: 0.01
  mode: min
  monitor: val_loss
  n_epochs: 1000
results:
  test:
    acc: 0.6529411673545837
    auprc: 0.6956100463867188
    auroc: 0.8860583901405334
    loss: 1.6499279737472534
  train:
    acc: 0.9749999046325684
    auprc: 0.9921230673789978
    auroc: 0.9987608790397644
    loss: 0.36088672280311584
  val:
    acc: 0.7055555582046509
    auprc: 0.747170090675354
    auroc: 0.903311550617218
    loss: 1.483931303024292
