data:
  dataset_name: cora,citeseer,pubmed
  khop: 1
experiment:
  n_splits: 100
  n_trials: 1
model:
  basepoint: false
  diff: false
  dropout: 0.9
  gnn_type: GSN
  jk_type: null
  l2_reg: 0.01
  learn_embedding: false
  n_depth: 1
  n_features: 64
  n_levels: 2
  n_post: 0
  n_pre: 0
  n_steps: 5
  norm_type: layer
opt:
  es_patience: 50
  lr_init: 0.01
  mode: min
  monitor: val_loss
  n_epochs: 1000
results:
  test:
    acc: 0.6815847158432007
    auprc: 0.7216103076934814
    auroc: 0.9006990194320679
    loss: 1.5530531406402588
  train:
    acc: 0.9916667342185974
    auprc: 1.0000001192092896
    auroc: 1.0
    loss: 0.4448574185371399
  val:
    acc: 0.7277778387069702
    auprc: 0.7838195562362671
    auroc: 0.9229440689086914
    loss: 1.3665696382522583
