data:
  dataset_name: cora,citeseer,pubmed
  khop: 1
experiment:
  n_splits: 100
  n_trials: 1
model:
  attn_dropout: 0.3
  basepoint: false
  diff: false
  dropout: 0.9
  gnn_type: GSAN
  jk_type: null
  l2_reg: 0.01
  learn_embedding: false
  n_depth: 1
  n_features: 64
  n_heads: 8
  n_levels: 2
  n_post: 0
  n_pre: 0
  n_steps: 5
  norm_type: layer
opt:
  es_patience: 50
  lr_init: 0.01
  mode: min
  monitor: val_loss
  n_epochs: 1000
results:
  test:
    acc: 0.6615942716598511
    auprc: 0.712156355381012
    auroc: 0.8894131183624268
    loss: 1.6022089719772339
  train:
    acc: 0.98333340883255
    auprc: 0.9983338117599487
    auroc: 0.9996389746665955
    loss: 0.39858460426330566
  val:
    acc: 0.6666667461395264
    auprc: 0.7184945940971375
    auroc: 0.8872017860412598
    loss: 1.632755994796753
