data:
  dataset_name: cora,citeseer,pubmed
  khop: 1
experiment:
  n_splits: 100
  n_trials: 1
model:
  attn_dropout: 0.3
  basepoint: false
  diff: false
  dropout: 0.9
  gnn_type: GSAN
  jk_type: null
  l2_reg: 0.01
  learn_embedding: false
  n_depth: 1
  n_features: 64
  n_heads: 8
  n_levels: 2
  n_post: 0
  n_pre: 0
  n_steps: 5
  norm_type: layer
opt:
  es_patience: 50
  lr_init: 0.01
  mode: min
  monitor: val_loss
  n_epochs: 1000
results:
  test:
    acc: 0.6971014142036438
    auprc: 0.7266648411750793
    auroc: 0.9069928526878357
    loss: 1.4571336507797241
  train:
    acc: 0.9583333730697632
    auprc: 0.9953169822692871
    auroc: 0.9989374279975891
    loss: 0.5916443467140198
  val:
    acc: 0.6611111760139465
    auprc: 0.6725956201553345
    auroc: 0.8883007764816284
    loss: 1.5767580270767212
