data:
  dataset_name: cora,citeseer,pubmed
  khop: 2
experiment:
  n_splits: 100
  n_trials: 1
model:
  attn_dropout: 0.3
  basepoint: false
  diff: false
  dropout: 0.9
  gnn_type: GSAN
  jk_type: null
  l2_reg: 0.01
  learn_embedding: false
  n_depth: 1
  n_features: 64
  n_heads: 8
  n_levels: 2
  n_post: 0
  n_pre: 0
  n_steps: 5
  norm_type: layer
opt:
  es_patience: 50
  lr_init: 0.01
  mode: min
  monitor: val_loss
  n_epochs: 1000
results:
  test:
    acc: 0.6412214040756226
    auprc: 0.6690243482589722
    auroc: 0.8759964108467102
    loss: 1.6325976848602295
  train:
    acc: 0.9416666626930237
    auprc: 0.9914547801017761
    auroc: 0.9980354309082031
    loss: 0.6304574012756348
  val:
    acc: 0.6166666746139526
    auprc: 0.620920717716217
    auroc: 0.852191150188446
    loss: 1.782443642616272
