data:
  dataset_name: cora,citeseer,pubmed
  khop: 1
experiment:
  n_splits: 100
  n_trials: 1
model:
  basepoint: false
  diff: false
  dropout: 0.9
  gnn_type: GSN
  jk_type: null
  l2_reg: 0.01
  learn_embedding: false
  n_depth: 1
  n_features: 64
  n_levels: 2
  n_post: 0
  n_pre: 0
  n_steps: 5
  norm_type: layer
opt:
  es_patience: 50
  lr_init: 0.01
  mode: min
  monitor: val_loss
  n_epochs: 1000
results:
  test:
    acc: 0.6705882549285889
    auprc: 0.726902961730957
    auroc: 0.8978909850120544
    loss: 1.566847562789917
  train:
    acc: 0.9833333492279053
    auprc: 0.9894537925720215
    auroc: 0.9985287189483643
    loss: 0.36192408204078674
  val:
    acc: 0.6888889670372009
    auprc: 0.7812830209732056
    auroc: 0.9182961583137512
    loss: 1.3767523765563965
