data:
  dataset_name: cora,citeseer,pubmed
experiment:
  n_splits: 100
  n_trials: 1
model:
  attn_dropout: 0.3
  basepoint: false
  diff: false
  dropout: 0.9
  gnn_type: GSAN
  jk_type: null
  l2_reg: 0.01
  learn_embedding: false
  n_depth: 1
  n_features: 64
  n_heads: 8
  n_levels: 2
  n_post: 0
  n_pre: 0
  n_steps: 5
  norm_type: layer
opt:
  es_patience: 50
  lr_init: 0.01
  mode: min
  monitor: val_loss
  n_epochs: 1000
results:
  test:
    acc: 0.6884704232215881
    auprc: 0.7405511736869812
    auroc: 0.9055123925209045
    loss: 1.4997572898864746
  train:
    acc: 0.9916666746139526
    auprc: 0.9993952512741089
    auroc: 0.9998750686645508
    loss: 0.42192089557647705
  val:
    acc: 0.7222222685813904
    auprc: 0.7515288591384888
    auroc: 0.9062901735305786
    loss: 1.5089040994644165
