data:
  dataset_name: cora,citeseer,pubmed
experiment:
  n_splits: 100
  n_trials: 1
model:
  attn_dropout: 0.3
  basepoint: false
  diff: false
  dropout: 0.9
  gnn_type: GSAN
  jk_type: null
  l2_reg: 0.01
  learn_embedding: false
  n_depth: 1
  n_features: 64
  n_heads: 8
  n_levels: 2
  n_post: 0
  n_pre: 0
  n_steps: 5
  norm_type: layer
opt:
  es_patience: 50
  lr_init: 0.01
  mode: min
  monitor: val_loss
  n_epochs: 1000
results:
  test:
    acc: 0.6858276128768921
    auprc: 0.7326840162277222
    auroc: 0.898482620716095
    loss: 1.5349817276000977
  train:
    acc: 0.9750000238418579
    auprc: 0.9993011355400085
    auroc: 0.9998603463172913
    loss: 0.418270468711853
  val:
    acc: 0.7444444298744202
    auprc: 0.7712996006011963
    auroc: 0.9099136590957642
    loss: 1.3880815505981445
