data:
  dataset_name: cora,citeseer,pubmed
  khop: 2
experiment:
  n_splits: 100
  n_trials: 1
model:
  basepoint: false
  diff: false
  dropout: 0.9
  gnn_type: GSN
  jk_type: null
  l2_reg: 0.01
  learn_embedding: false
  n_depth: 1
  n_features: 64
  n_levels: 2
  n_post: 0
  n_pre: 0
  n_steps: 5
  norm_type: layer
opt:
  es_patience: 50
  lr_init: 0.01
  mode: min
  monitor: val_loss
  n_epochs: 1000
results:
  test:
    acc: 0.636641263961792
    auprc: 0.6655573844909668
    auroc: 0.8724265098571777
    loss: 1.7298948764801025
  train:
    acc: 0.9833333492279053
    auprc: 0.985436201095581
    auroc: 0.9987332224845886
    loss: 0.31499892473220825
  val:
    acc: 0.6333333849906921
    auprc: 0.683780312538147
    auroc: 0.8913859724998474
    loss: 1.6188981533050537
