data:
  dataset_name: cora,citeseer,pubmed
experiment:
  n_splits: 100
  n_trials: 1
model:
  attn_dropout: 0.3
  basepoint: false
  diff: false
  dropout: 0.9
  gnn_type: GSAN
  jk_type: null
  l2_reg: 0.01
  learn_embedding: false
  n_depth: 1
  n_features: 64
  n_heads: 8
  n_levels: 2
  n_post: 0
  n_pre: 0
  n_steps: 5
  norm_type: layer
opt:
  es_patience: 50
  lr_init: 0.01
  mode: min
  monitor: val_loss
  n_epochs: 1000
results:
  test:
    acc: 0.6957383751869202
    auprc: 0.745690643787384
    auroc: 0.9075430035591125
    loss: 1.4522589445114136
  train:
    acc: 0.9583332538604736
    auprc: 0.9976853132247925
    auroc: 0.9995141625404358
    loss: 0.4779042601585388
  val:
    acc: 0.7222222685813904
    auprc: 0.7457338571548462
    auroc: 0.9165112376213074
    loss: 1.3900130987167358
