data:
  dataset_name: cora,citeseer,pubmed
  khop: 2
experiment:
  n_splits: 100
  n_trials: 1
model:
  attn_dropout: 0.3
  basepoint: false
  diff: false
  dropout: 0.9
  gnn_type: GSAN
  jk_type: null
  l2_reg: 0.01
  learn_embedding: false
  n_depth: 1
  n_features: 64
  n_heads: 8
  n_levels: 2
  n_post: 0
  n_pre: 0
  n_steps: 5
  norm_type: layer
opt:
  es_patience: 50
  lr_init: 0.01
  mode: min
  monitor: val_loss
  n_epochs: 1000
results:
  test:
    acc: 0.6131620407104492
    auprc: 0.6561371088027954
    auroc: 0.867293655872345
    loss: 1.694996953010559
  train:
    acc: 0.9750000238418579
    auprc: 0.9977312088012695
    auroc: 0.9995142221450806
    loss: 0.5057589411735535
  val:
    acc: 0.5777778029441833
    auprc: 0.6184500455856323
    auroc: 0.860306441783905
    loss: 1.6703060865402222
