data:
  dataset_name: cora,citeseer,pubmed
  khop: 2
experiment:
  n_splits: 100
  n_trials: 1
model:
  basepoint: false
  diff: false
  dropout: 0.9
  gnn_type: GSN
  jk_type: null
  l2_reg: 0.01
  learn_embedding: false
  n_depth: 1
  n_features: 64
  n_levels: 2
  n_post: 0
  n_pre: 0
  n_steps: 5
  norm_type: layer
opt:
  es_patience: 50
  lr_init: 0.01
  mode: min
  monitor: val_loss
  n_epochs: 1000
results:
  test:
    acc: 0.6431924700737
    auprc: 0.6981462836265564
    auroc: 0.8848976492881775
    loss: 1.6216027736663818
  train:
    acc: 1.0
    auprc: 1.0
    auroc: 1.0
    loss: 0.3626932203769684
  val:
    acc: 0.6333333253860474
    auprc: 0.7079969644546509
    auroc: 0.8864296674728394
    loss: 1.6393580436706543
