data:
  dataset_name: cora,citeseer,pubmed
  khop: 1
experiment:
  n_splits: 100
  n_trials: 1
model:
  basepoint: false
  diff: false
  dropout: 0.9
  gnn_type: GSN
  jk_type: null
  l2_reg: 0.01
  learn_embedding: false
  n_depth: 1
  n_features: 64
  n_levels: 2
  n_post: 0
  n_pre: 0
  n_steps: 5
  norm_type: layer
opt:
  es_patience: 50
  lr_init: 0.01
  mode: min
  monitor: val_loss
  n_epochs: 1000
results:
  test:
    acc: 0.698708713054657
    auprc: 0.7470346689224243
    auroc: 0.9076449871063232
    loss: 1.4582971334457397
  train:
    acc: 1.0
    auprc: 0.9999999403953552
    auroc: 1.0000001192092896
    loss: 0.34085264801979065
  val:
    acc: 0.73333340883255
    auprc: 0.7799984812736511
    auroc: 0.9146052002906799
    loss: 1.3956549167633057
