data:
  dataset_name: cora,citeseer,pubmed
  khop: 2
experiment:
  n_splits: 100
  n_trials: 1
model:
  basepoint: false
  diff: false
  dropout: 0.9
  gnn_type: GSN
  jk_type: null
  l2_reg: 0.01
  learn_embedding: false
  n_depth: 1
  n_features: 64
  n_levels: 2
  n_post: 0
  n_pre: 0
  n_steps: 5
  norm_type: layer
opt:
  es_patience: 50
  lr_init: 0.01
  mode: min
  monitor: val_loss
  n_epochs: 1000
results:
  test:
    acc: 0.6401869654655457
    auprc: 0.6682318449020386
    auroc: 0.8826916813850403
    loss: 1.6003270149230957
  train:
    acc: 0.9916666746139526
    auprc: 0.9998941421508789
    auroc: 0.9999794363975525
    loss: 0.4236210286617279
  val:
    acc: 0.6611111760139465
    auprc: 0.7366325855255127
    auroc: 0.8982727527618408
    loss: 1.5114610195159912
