data:
  dataset_name: cora,citeseer,pubmed
  khop: 1
experiment:
  n_splits: 100
  n_trials: 1
model:
  attn_dropout: 0.3
  basepoint: false
  diff: false
  dropout: 0.9
  gnn_type: GSAN
  jk_type: null
  l2_reg: 0.01
  learn_embedding: false
  n_depth: 1
  n_features: 64
  n_heads: 8
  n_levels: 2
  n_post: 0
  n_pre: 0
  n_steps: 5
  norm_type: layer
opt:
  es_patience: 50
  lr_init: 0.01
  mode: min
  monitor: val_loss
  n_epochs: 1000
results:
  test:
    acc: 0.6626954674720764
    auprc: 0.6922273635864258
    auroc: 0.89021897315979
    loss: 1.605485200881958
  train:
    acc: 0.9833333492279053
    auprc: 0.9993910789489746
    auroc: 0.9998750686645508
    loss: 0.48943930864334106
  val:
    acc: 0.6611111164093018
    auprc: 0.6798248291015625
    auroc: 0.8967430591583252
    loss: 1.5320724248886108
