data:
  dataset_name: cora,citeseer,pubmed
  khop: 1
experiment:
  n_splits: 100
  n_trials: 1
model:
  basepoint: false
  diff: false
  dropout: 0.9
  gnn_type: GSN
  jk_type: null
  l2_reg: 0.01
  learn_embedding: false
  n_depth: 1
  n_features: 64
  n_levels: 2
  n_post: 0
  n_pre: 0
  n_steps: 5
  norm_type: layer
opt:
  es_patience: 50
  lr_init: 0.01
  mode: min
  monitor: val_loss
  n_epochs: 1000
results:
  test:
    acc: 0.699639081954956
    auprc: 0.7457014322280884
    auroc: 0.9047428965568542
    loss: 1.5055100917816162
  train:
    acc: 0.9916666746139526
    auprc: 1.0
    auroc: 1.000000238418579
    loss: 0.4529525637626648
  val:
    acc: 0.6611111164093018
    auprc: 0.7323936820030212
    auroc: 0.8927883505821228
    loss: 1.6259377002716064
