data:
  dataset_name: cora,citeseer,pubmed
experiment:
  n_splits: 100
  n_trials: 1
model:
  attn_dropout: 0.3
  basepoint: false
  diff: false
  dropout: 0.9
  gnn_type: GSAN
  jk_type: null
  l2_reg: 0.01
  learn_embedding: false
  n_depth: 1
  n_features: 64
  n_heads: 8
  n_levels: 2
  n_post: 0
  n_pre: 0
  n_steps: 5
  norm_type: layer
opt:
  es_patience: 50
  lr_init: 0.01
  mode: min
  monitor: val_loss
  n_epochs: 1000
results:
  test:
    acc: 0.6825239658355713
    auprc: 0.732021689414978
    auroc: 0.900528073310852
    loss: 1.5645687580108643
  train:
    acc: 0.9666666388511658
    auprc: 0.9977556467056274
    auroc: 0.9995278716087341
    loss: 0.47932055592536926
  val:
    acc: 0.6722222566604614
    auprc: 0.7390300035476685
    auroc: 0.9075032472610474
    loss: 1.5615261793136597
