data:
  dataset_name: cora,citeseer,pubmed
  khop: 1
experiment:
  n_splits: 100
  n_trials: 1
model:
  basepoint: false
  diff: false
  dropout: 0.9
  gnn_type: GSN
  jk_type: null
  l2_reg: 0.01
  learn_embedding: false
  n_depth: 1
  n_features: 64
  n_levels: 2
  n_post: 0
  n_pre: 0
  n_steps: 5
  norm_type: layer
opt:
  es_patience: 50
  lr_init: 0.01
  mode: min
  monitor: val_loss
  n_epochs: 1000
results:
  test:
    acc: 0.6808823943138123
    auprc: 0.7323982119560242
    auroc: 0.9014574289321899
    loss: 1.5199731588363647
  train:
    acc: 0.9916666746139526
    auprc: 0.9980313777923584
    auroc: 0.9996505379676819
    loss: 0.3477243185043335
  val:
    acc: 0.7388889193534851
    auprc: 0.7924342155456543
    auroc: 0.919722318649292
    loss: 1.3570075035095215
