data:
  dataset_name: cora,citeseer,pubmed
  khop: 2
experiment:
  n_splits: 100
  n_trials: 1
model:
  attn_dropout: 0.3
  basepoint: false
  diff: false
  dropout: 0.9
  gnn_type: GSAN
  jk_type: null
  l2_reg: 0.01
  learn_embedding: false
  n_depth: 1
  n_features: 64
  n_heads: 8
  n_levels: 2
  n_post: 0
  n_pre: 0
  n_steps: 5
  norm_type: layer
opt:
  es_patience: 50
  lr_init: 0.01
  mode: min
  monitor: val_loss
  n_epochs: 1000
results:
  test:
    acc: 0.6144200563430786
    auprc: 0.6451945900917053
    auroc: 0.8684866428375244
    loss: 1.716106653213501
  train:
    acc: 0.9749999046325684
    auprc: 0.9980450868606567
    auroc: 0.9995833039283752
    loss: 0.40584978461265564
  val:
    acc: 0.605555534362793
    auprc: 0.6597575545310974
    auroc: 0.8716080784797668
    loss: 1.749416708946228
