data:
  dataset_name: cora,citeseer,pubmed
  khop: 2
experiment:
  n_splits: 100
  n_trials: 1
model:
  attn_dropout: 0.3
  basepoint: false
  diff: false
  dropout: 0.9
  gnn_type: GSAN
  jk_type: null
  l2_reg: 0.01
  learn_embedding: false
  n_depth: 1
  n_features: 64
  n_heads: 8
  n_levels: 2
  n_post: 0
  n_pre: 0
  n_steps: 5
  norm_type: layer
opt:
  es_patience: 50
  lr_init: 0.01
  mode: min
  monitor: val_loss
  n_epochs: 1000
results:
  test:
    acc: 0.6181533336639404
    auprc: 0.6548764705657959
    auroc: 0.867116391658783
    loss: 1.690373182296753
  train:
    acc: 0.949999988079071
    auprc: 0.9909899234771729
    auroc: 0.9978471994400024
    loss: 0.5779222249984741
  val:
    acc: 0.6166666746139526
    auprc: 0.6585632562637329
    auroc: 0.8644461035728455
    loss: 1.675715446472168
