data:
  dataset_name: cora,citeseer,pubmed
  khop: 1
experiment:
  n_splits: 100
  n_trials: 1
model:
  basepoint: false
  diff: false
  dropout: 0.9
  gnn_type: GSN
  jk_type: null
  l2_reg: 0.01
  learn_embedding: false
  n_depth: 1
  n_features: 64
  n_levels: 2
  n_post: 0
  n_pre: 0
  n_steps: 5
  norm_type: layer
opt:
  es_patience: 50
  lr_init: 0.01
  mode: min
  monitor: val_loss
  n_epochs: 1000
results:
  test:
    acc: 0.7041943073272705
    auprc: 0.751397967338562
    auroc: 0.9139355421066284
    loss: 1.4166195392608643
  train:
    acc: 1.0
    auprc: 0.9999999403953552
    auroc: 1.0000001192092896
    loss: 0.44464346766471863
  val:
    acc: 0.7055555582046509
    auprc: 0.738616406917572
    auroc: 0.9116792678833008
    loss: 1.4426554441452026
