data:
  dataset_name: cora,citeseer,pubmed
experiment:
  n_splits: 100
  n_trials: 1
model:
  attn_dropout: 0.3
  basepoint: false
  diff: false
  dropout: 0.9
  gnn_type: GSAN
  jk_type: null
  l2_reg: 0.01
  learn_embedding: false
  n_depth: 1
  n_features: 64
  n_heads: 8
  n_levels: 2
  n_post: 0
  n_pre: 0
  n_steps: 5
  norm_type: layer
opt:
  es_patience: 50
  lr_init: 0.01
  mode: min
  monitor: val_loss
  n_epochs: 1000
results:
  test:
    acc: 0.67922043800354
    auprc: 0.7241233587265015
    auroc: 0.903871476650238
    loss: 1.5117614269256592
  train:
    acc: 0.9916666746139526
    auprc: 0.9996980428695679
    auroc: 0.9999374747276306
    loss: 0.43222060799598694
  val:
    acc: 0.6666666865348816
    auprc: 0.6983697414398193
    auroc: 0.8934879302978516
    loss: 1.6046535968780518
