data:
  dataset_name: cora,citeseer,pubmed
  khop: 2
experiment:
  n_splits: 100
  n_trials: 1
model:
  basepoint: false
  diff: false
  dropout: 0.9
  gnn_type: GSN
  jk_type: null
  l2_reg: 0.01
  learn_embedding: false
  n_depth: 1
  n_features: 64
  n_levels: 2
  n_post: 0
  n_pre: 0
  n_steps: 5
  norm_type: layer
opt:
  es_patience: 50
  lr_init: 0.01
  mode: min
  monitor: val_loss
  n_epochs: 1000
results:
  test:
    acc: 0.643410861492157
    auprc: 0.7031424045562744
    auroc: 0.8897294998168945
    loss: 1.6174907684326172
  train:
    acc: 1.0
    auprc: 1.0000011920928955
    auroc: 0.9999999403953552
    loss: 0.42107999324798584
  val:
    acc: 0.6611111164093018
    auprc: 0.7199789881706238
    auroc: 0.8918914198875427
    loss: 1.5656670331954956
