data:
  dataset_name: cora,citeseer,pubmed
  khop: 1
experiment:
  n_splits: 100
  n_trials: 1
model:
  attn_dropout: 0.3
  basepoint: false
  diff: false
  dropout: 0.9
  gnn_type: GSAN
  jk_type: null
  l2_reg: 0.01
  learn_embedding: false
  n_depth: 1
  n_features: 64
  n_heads: 8
  n_levels: 2
  n_post: 0
  n_pre: 0
  n_steps: 5
  norm_type: layer
opt:
  es_patience: 50
  lr_init: 0.01
  mode: min
  monitor: val_loss
  n_epochs: 1000
results:
  test:
    acc: 0.6723247170448303
    auprc: 0.6961764693260193
    auroc: 0.8841875195503235
    loss: 1.6535470485687256
  train:
    acc: 0.966666579246521
    auprc: 0.9863308072090149
    auroc: 0.9981768131256104
    loss: 0.4407957196235657
  val:
    acc: 0.6944444179534912
    auprc: 0.7348486185073853
    auroc: 0.9063825607299805
    loss: 1.5325255393981934
