data:
  dataset_name: cora,citeseer,pubmed
  khop: 1
experiment:
  n_splits: 100
  n_trials: 1
model:
  attn_dropout: 0.3
  basepoint: false
  diff: false
  dropout: 0.9
  gnn_type: GSAN
  jk_type: null
  l2_reg: 0.01
  learn_embedding: false
  n_depth: 1
  n_features: 64
  n_heads: 8
  n_levels: 2
  n_post: 0
  n_pre: 0
  n_steps: 5
  norm_type: layer
opt:
  es_patience: 50
  lr_init: 0.01
  mode: min
  monitor: val_loss
  n_epochs: 1000
results:
  test:
    acc: 0.6769784092903137
    auprc: 0.7175014019012451
    auroc: 0.8921433687210083
    loss: 1.5785043239593506
  train:
    acc: 0.9583333730697632
    auprc: 0.9970450401306152
    auroc: 0.9993752241134644
    loss: 0.48644834756851196
  val:
    acc: 0.7277777791023254
    auprc: 0.784890353679657
    auroc: 0.9193709492683411
    loss: 1.4105706214904785
