data:
  dataset_name: cora,citeseer,pubmed
  khop: 2
experiment:
  n_splits: 100
  n_trials: 1
model:
  basepoint: false
  diff: false
  dropout: 0.9
  gnn_type: GSN
  jk_type: null
  l2_reg: 0.01
  learn_embedding: false
  n_depth: 1
  n_features: 64
  n_levels: 2
  n_post: 0
  n_pre: 0
  n_steps: 5
  norm_type: layer
opt:
  es_patience: 50
  lr_init: 0.01
  mode: min
  monitor: val_loss
  n_epochs: 1000
results:
  test:
    acc: 0.6060127019882202
    auprc: 0.6653015613555908
    auroc: 0.8741567134857178
    loss: 1.7283453941345215
  train:
    acc: 0.9916666746139526
    auprc: 0.9996424913406372
    auroc: 0.9999300837516785
    loss: 0.40449365973472595
  val:
    acc: 0.7000000476837158
    auprc: 0.7206723690032959
    auroc: 0.9009942412376404
    loss: 1.4598616361618042
