data:
  dataset_name: cora,citeseer,pubmed
  khop: 1
experiment:
  n_splits: 100
  n_trials: 1
model:
  basepoint: false
  diff: false
  dropout: 0.9
  gnn_type: GSN
  jk_type: null
  l2_reg: 0.01
  learn_embedding: false
  n_depth: 1
  n_features: 64
  n_levels: 2
  n_post: 0
  n_pre: 0
  n_steps: 5
  norm_type: layer
opt:
  es_patience: 50
  lr_init: 0.01
  mode: min
  monitor: val_loss
  n_epochs: 1000
results:
  test:
    acc: 0.6898317337036133
    auprc: 0.7527214884757996
    auroc: 0.8995034694671631
    loss: 1.544093370437622
  train:
    acc: 1.0
    auprc: 1.0
    auroc: 1.0
    loss: 0.3858291208744049
  val:
    acc: 0.6888888478279114
    auprc: 0.758723795413971
    auroc: 0.9085775017738342
    loss: 1.4793251752853394
