data:
  dataset_name: cora,citeseer,pubmed
  khop: 1
experiment:
  n_splits: 100
  n_trials: 1
model:
  basepoint: false
  diff: false
  dropout: 0.9
  gnn_type: GSN
  jk_type: null
  l2_reg: 0.01
  learn_embedding: false
  n_depth: 1
  n_features: 64
  n_levels: 2
  n_post: 0
  n_pre: 0
  n_steps: 5
  norm_type: layer
opt:
  es_patience: 50
  lr_init: 0.01
  mode: min
  monitor: val_loss
  n_epochs: 1000
results:
  test:
    acc: 0.6761904954910278
    auprc: 0.7359331846237183
    auroc: 0.8962465524673462
    loss: 1.5299278497695923
  train:
    acc: 0.9916666746139526
    auprc: 0.9990754127502441
    auroc: 0.9998252391815186
    loss: 0.42424145340919495
  val:
    acc: 0.638888955116272
    auprc: 0.6768432259559631
    auroc: 0.8662409782409668
    loss: 1.7812939882278442
