data:
  dataset_name: cora,citeseer,pubmed
  khop: 1
experiment:
  n_splits: 100
  n_trials: 1
model:
  attn_dropout: 0.3
  basepoint: false
  diff: false
  dropout: 0.9
  gnn_type: GSAN
  jk_type: null
  l2_reg: 0.01
  learn_embedding: false
  n_depth: 1
  n_features: 64
  n_heads: 8
  n_levels: 2
  n_post: 0
  n_pre: 0
  n_steps: 5
  norm_type: layer
opt:
  es_patience: 50
  lr_init: 0.01
  mode: min
  monitor: val_loss
  n_epochs: 1000
results:
  test:
    acc: 0.6715115904808044
    auprc: 0.7259288430213928
    auroc: 0.9003453850746155
    loss: 1.5180929899215698
  train:
    acc: 0.9666666984558105
    auprc: 0.9956517219543457
    auroc: 0.9990276098251343
    loss: 0.483269602060318
  val:
    acc: 0.6666666865348816
    auprc: 0.7165042161941528
    auroc: 0.8850224018096924
    loss: 1.5568535327911377
