data:
  dataset_name: cora,citeseer,pubmed
  khop: 1
experiment:
  n_splits: 100
  n_trials: 1
model:
  basepoint: false
  diff: false
  dropout: 0.9
  gnn_type: GSN
  jk_type: null
  l2_reg: 0.01
  learn_embedding: false
  n_depth: 1
  n_features: 64
  n_levels: 2
  n_post: 0
  n_pre: 0
  n_steps: 5
  norm_type: layer
opt:
  es_patience: 50
  lr_init: 0.01
  mode: min
  monitor: val_loss
  n_epochs: 1000
results:
  test:
    acc: 0.6898317933082581
    auprc: 0.7384524941444397
    auroc: 0.9077770709991455
    loss: 1.4542688131332397
  train:
    acc: 0.9916666746139526
    auprc: 1.000000238418579
    auroc: 0.9999999403953552
    loss: 0.4317638576030731
  val:
    acc: 0.6833333969116211
    auprc: 0.744878888130188
    auroc: 0.9059507250785828
    loss: 1.5178393125534058
