data:
  dataset_name: cora,citeseer,pubmed
  khop: 2
experiment:
  n_splits: 100
  n_trials: 1
model:
  attn_dropout: 0.3
  basepoint: false
  diff: false
  dropout: 0.9
  gnn_type: GSAN
  jk_type: null
  l2_reg: 0.01
  learn_embedding: false
  n_depth: 1
  n_features: 64
  n_heads: 8
  n_levels: 2
  n_post: 0
  n_pre: 0
  n_steps: 5
  norm_type: layer
opt:
  es_patience: 50
  lr_init: 0.01
  mode: min
  monitor: val_loss
  n_epochs: 1000
results:
  test:
    acc: 0.6271186470985413
    auprc: 0.6834145188331604
    auroc: 0.8792402148246765
    loss: 1.589127540588379
  train:
    acc: 0.9833333492279053
    auprc: 0.9987199306488037
    auroc: 0.9997223615646362
    loss: 0.48082032799720764
  val:
    acc: 0.5722222924232483
    auprc: 0.6088271141052246
    auroc: 0.839532732963562
    loss: 1.891679048538208
