data:
  dataset_name: cora,citeseer,pubmed
  khop: 2
experiment:
  n_splits: 100
  n_trials: 1
model:
  attn_dropout: 0.3
  basepoint: false
  diff: false
  dropout: 0.9
  gnn_type: GSAN
  jk_type: null
  l2_reg: 0.01
  learn_embedding: false
  n_depth: 1
  n_features: 64
  n_heads: 8
  n_levels: 2
  n_post: 0
  n_pre: 0
  n_steps: 5
  norm_type: layer
opt:
  es_patience: 50
  lr_init: 0.01
  mode: min
  monitor: val_loss
  n_epochs: 1000
results:
  test:
    acc: 0.6432926654815674
    auprc: 0.6720783710479736
    auroc: 0.8842728137969971
    loss: 1.6000663042068481
  train:
    acc: 0.9750000238418579
    auprc: 0.9981536269187927
    auroc: 0.9996087551116943
    loss: 0.5471528768539429
  val:
    acc: 0.6055555939674377
    auprc: 0.6597660779953003
    auroc: 0.8758549690246582
    loss: 1.6276494264602661
