data:
  dataset_name: cora,citeseer,pubmed
  khop: 1
experiment:
  n_splits: 100
  n_trials: 1
model:
  attn_dropout: 0.3
  basepoint: false
  diff: false
  dropout: 0.9
  gnn_type: GSAN
  jk_type: null
  l2_reg: 0.01
  learn_embedding: false
  n_depth: 1
  n_features: 64
  n_heads: 8
  n_levels: 2
  n_post: 0
  n_pre: 0
  n_steps: 5
  norm_type: layer
opt:
  es_patience: 50
  lr_init: 0.01
  mode: min
  monitor: val_loss
  n_epochs: 1000
results:
  test:
    acc: 0.6632948517799377
    auprc: 0.6958131194114685
    auroc: 0.8878540992736816
    loss: 1.5970871448516846
  train:
    acc: 0.949999988079071
    auprc: 0.9730079174041748
    auroc: 0.9973222017288208
    loss: 0.5546225309371948
  val:
    acc: 0.6722221970558167
    auprc: 0.7245920896530151
    auroc: 0.9101961255073547
    loss: 1.5262099504470825
