data:
  dataset_name: cora,citeseer,pubmed
  khop: 2
experiment:
  n_splits: 100
  n_trials: 1
model:
  attn_dropout: 0.3
  basepoint: false
  diff: false
  dropout: 0.9
  gnn_type: GSAN
  jk_type: null
  l2_reg: 0.01
  learn_embedding: false
  n_depth: 1
  n_features: 64
  n_heads: 8
  n_levels: 2
  n_post: 0
  n_pre: 0
  n_steps: 5
  norm_type: layer
opt:
  es_patience: 50
  lr_init: 0.01
  mode: min
  monitor: val_loss
  n_epochs: 1000
results:
  test:
    acc: 0.626183032989502
    auprc: 0.6526979207992554
    auroc: 0.8700239062309265
    loss: 1.714777946472168
  train:
    acc: 0.9916666746139526
    auprc: 0.999193549156189
    auroc: 0.9998332858085632
    loss: 0.5690777897834778
  val:
    acc: 0.5666666626930237
    auprc: 0.5768235921859741
    auroc: 0.8489601016044617
    loss: 1.8620377779006958
