data:
  dataset_name: cora,citeseer,pubmed
  khop: 2
experiment:
  n_splits: 100
  n_trials: 1
model:
  attn_dropout: 0.3
  basepoint: false
  diff: false
  dropout: 0.9
  gnn_type: GSAN
  jk_type: null
  l2_reg: 0.01
  learn_embedding: false
  n_depth: 1
  n_features: 64
  n_heads: 8
  n_levels: 2
  n_post: 0
  n_pre: 0
  n_steps: 5
  norm_type: layer
opt:
  es_patience: 50
  lr_init: 0.01
  mode: min
  monitor: val_loss
  n_epochs: 1000
results:
  test:
    acc: 0.6157480478286743
    auprc: 0.6633579730987549
    auroc: 0.8756277561187744
    loss: 1.5747977495193481
  train:
    acc: 0.9583333730697632
    auprc: 0.9950060844421387
    auroc: 0.9988820552825928
    loss: 0.5018848776817322
  val:
    acc: 0.6222222447395325
    auprc: 0.644982099533081
    auroc: 0.8614265322685242
    loss: 1.6945713758468628
