data:
  dataset_name: cora,citeseer,pubmed
experiment:
  n_splits: 100
  n_trials: 1
model:
  attn_dropout: 0.3
  basepoint: false
  diff: false
  dropout: 0.9
  gnn_type: GSAN
  jk_type: null
  l2_reg: 0.01
  learn_embedding: false
  n_depth: 1
  n_features: 64
  n_heads: 8
  n_levels: 2
  n_post: 0
  n_pre: 0
  n_steps: 5
  norm_type: layer
opt:
  es_patience: 50
  lr_init: 0.01
  mode: min
  monitor: val_loss
  n_epochs: 1000
results:
  test:
    acc: 0.6812024712562561
    auprc: 0.7245911359786987
    auroc: 0.8979061245918274
    loss: 1.5612635612487793
  train:
    acc: 0.9833333492279053
    auprc: 0.9991779327392578
    auroc: 0.9998331665992737
    loss: 0.5521548986434937
  val:
    acc: 0.6944444179534912
    auprc: 0.7810878753662109
    auroc: 0.9089218974113464
    loss: 1.4756656885147095
