data:
  dataset_name: cora,citeseer,pubmed
  khop: 2
experiment:
  n_splits: 100
  n_trials: 1
model:
  attn_dropout: 0.3
  basepoint: false
  diff: false
  dropout: 0.9
  gnn_type: GSAN
  jk_type: null
  l2_reg: 0.01
  learn_embedding: false
  n_depth: 1
  n_features: 64
  n_heads: 8
  n_levels: 2
  n_post: 0
  n_pre: 0
  n_steps: 5
  norm_type: layer
opt:
  es_patience: 50
  lr_init: 0.01
  mode: min
  monitor: val_loss
  n_epochs: 1000
results:
  test:
    acc: 0.6274809241294861
    auprc: 0.6530560255050659
    auroc: 0.8674044609069824
    loss: 1.74989914894104
  train:
    acc: 0.9500000476837158
    auprc: 0.9746775031089783
    auroc: 0.9973534941673279
    loss: 0.46444758772850037
  val:
    acc: 0.6500000357627869
    auprc: 0.6644954681396484
    auroc: 0.8735835552215576
    loss: 1.695852279663086
