data:
  dataset_name: cora,citeseer,pubmed
experiment:
  n_splits: 100
  n_trials: 1
model:
  attn_dropout: 0.3
  basepoint: false
  diff: false
  dropout: 0.9
  gnn_type: GSAN
  jk_type: null
  l2_reg: 0.01
  learn_embedding: false
  n_depth: 1
  n_features: 64
  n_heads: 8
  n_levels: 2
  n_post: 0
  n_pre: 0
  n_steps: 5
  norm_type: layer
opt:
  es_patience: 50
  lr_init: 0.01
  mode: min
  monitor: val_loss
  n_epochs: 1000
results:
  test:
    acc: 0.6798810958862305
    auprc: 0.7288341522216797
    auroc: 0.9015083312988281
    loss: 1.5401297807693481
  train:
    acc: 0.9583333730697632
    auprc: 0.995963990688324
    auroc: 0.9991114735603333
    loss: 0.5123589634895325
  val:
    acc: 0.7277778387069702
    auprc: 0.7629948854446411
    auroc: 0.917959988117218
    loss: 1.3825016021728516
