data:
  dataset_name: cora,citeseer,pubmed
  khop: 2
experiment:
  n_splits: 100
  n_trials: 1
model:
  attn_dropout: 0.3
  basepoint: false
  diff: false
  dropout: 0.9
  gnn_type: GSAN
  jk_type: null
  l2_reg: 0.01
  learn_embedding: false
  n_depth: 1
  n_features: 64
  n_heads: 8
  n_levels: 2
  n_post: 0
  n_pre: 0
  n_steps: 5
  norm_type: layer
opt:
  es_patience: 50
  lr_init: 0.01
  mode: min
  monitor: val_loss
  n_epochs: 1000
results:
  test:
    acc: 0.652931809425354
    auprc: 0.6936795115470886
    auroc: 0.8887553215026855
    loss: 1.5986011028289795
  train:
    acc: 0.9666667580604553
    auprc: 0.9971879720687866
    auroc: 0.9993876814842224
    loss: 0.5182557106018066
  val:
    acc: 0.5944444537162781
    auprc: 0.5897654294967651
    auroc: 0.8455243706703186
    loss: 1.8094772100448608
