data:
  dataset_name: cora,citeseer,pubmed
experiment:
  n_splits: 100
  n_trials: 1
model:
  attn_dropout: 0.3
  basepoint: false
  diff: false
  dropout: 0.9
  gnn_type: GSAN
  jk_type: null
  l2_reg: 0.01
  learn_embedding: false
  n_depth: 1
  n_features: 64
  n_heads: 8
  n_levels: 2
  n_post: 0
  n_pre: 0
  n_steps: 5
  norm_type: layer
opt:
  es_patience: 50
  lr_init: 0.01
  mode: min
  monitor: val_loss
  n_epochs: 1000
results:
  test:
    acc: 0.6752560138702393
    auprc: 0.699461042881012
    auroc: 0.8940958976745605
    loss: 1.5722858905792236
  train:
    acc: 1.0
    auprc: 0.9997963905334473
    auroc: 0.9999586939811707
    loss: 0.44557350873947144
  val:
    acc: 0.699999988079071
    auprc: 0.7020663022994995
    auroc: 0.8967101573944092
    loss: 1.5053445100784302
