data:
  dataset_name: cora,citeseer,pubmed
  khop: 1
experiment:
  n_splits: 100
  n_trials: 1
model:
  attn_dropout: 0.3
  basepoint: false
  diff: false
  dropout: 0.9
  gnn_type: GSAN
  jk_type: null
  l2_reg: 0.01
  learn_embedding: false
  n_depth: 1
  n_features: 64
  n_heads: 8
  n_levels: 2
  n_post: 0
  n_pre: 0
  n_steps: 5
  norm_type: layer
opt:
  es_patience: 50
  lr_init: 0.01
  mode: min
  monitor: val_loss
  n_epochs: 1000
results:
  test:
    acc: 0.6627565622329712
    auprc: 0.7035679817199707
    auroc: 0.8968850374221802
    loss: 1.5630275011062622
  train:
    acc: 0.966666579246521
    auprc: 0.9964186549186707
    auroc: 0.9992449283599854
    loss: 0.5135917067527771
  val:
    acc: 0.6555556058883667
    auprc: 0.7281944751739502
    auroc: 0.9039242267608643
    loss: 1.4829237461090088
