data:
  dataset_name: cora,citeseer,pubmed
  khop: 2
experiment:
  n_splits: 100
  n_trials: 1
model:
  basepoint: false
  diff: false
  dropout: 0.9
  gnn_type: GSN
  jk_type: null
  l2_reg: 0.01
  learn_embedding: false
  n_depth: 1
  n_features: 64
  n_levels: 2
  n_post: 0
  n_pre: 0
  n_steps: 5
  norm_type: layer
opt:
  es_patience: 50
  lr_init: 0.01
  mode: min
  monitor: val_loss
  n_epochs: 1000
results:
  test:
    acc: 0.6271450519561768
    auprc: 0.6650964021682739
    auroc: 0.8745580911636353
    loss: 1.674431324005127
  train:
    acc: 1.0
    auprc: 1.0000005960464478
    auroc: 0.9999998807907104
    loss: 0.472371369600296
  val:
    acc: 0.6333333849906921
    auprc: 0.670595645904541
    auroc: 0.8735764026641846
    loss: 1.6761467456817627
