data:
  dataset_name: cora,citeseer,pubmed
  khop: 1
experiment:
  n_splits: 100
  n_trials: 1
model:
  attn_dropout: 0.3
  basepoint: false
  diff: false
  dropout: 0.9
  gnn_type: GSAN
  jk_type: null
  l2_reg: 0.01
  learn_embedding: false
  n_depth: 1
  n_features: 64
  n_heads: 8
  n_levels: 2
  n_post: 0
  n_pre: 0
  n_steps: 5
  norm_type: layer
opt:
  es_patience: 50
  lr_init: 0.01
  mode: min
  monitor: val_loss
  n_epochs: 1000
results:
  test:
    acc: 0.67786705493927
    auprc: 0.7245129346847534
    auroc: 0.8952767848968506
    loss: 1.581648826599121
  train:
    acc: 0.9750000238418579
    auprc: 0.996204137802124
    auroc: 0.9992243647575378
    loss: 0.43707868456840515
  val:
    acc: 0.7277778387069702
    auprc: 0.7288632392883301
    auroc: 0.9037529826164246
    loss: 1.506279706954956
