data:
  dataset_name: cora,citeseer,pubmed
  khop: 1
experiment:
  n_splits: 100
  n_trials: 1
model:
  attn_dropout: 0.3
  basepoint: false
  diff: false
  dropout: 0.9
  gnn_type: GSAN
  jk_type: null
  l2_reg: 0.01
  learn_embedding: false
  n_depth: 1
  n_features: 64
  n_heads: 8
  n_levels: 2
  n_post: 0
  n_pre: 0
  n_steps: 5
  norm_type: layer
opt:
  es_patience: 50
  lr_init: 0.01
  mode: min
  monitor: val_loss
  n_epochs: 1000
results:
  test:
    acc: 0.6714285612106323
    auprc: 0.7145390510559082
    auroc: 0.8909779787063599
    loss: 1.5523262023925781
  train:
    acc: 0.9750000834465027
    auprc: 0.998442530632019
    auroc: 0.9996787309646606
    loss: 0.3230868875980377
  val:
    acc: 0.6666666269302368
    auprc: 0.7080467939376831
    auroc: 0.8958977460861206
    loss: 1.4995002746582031
