data:
  dataset_name: cora,citeseer,pubmed
experiment:
  n_splits: 100
  n_trials: 1
model:
  attn_dropout: 0.3
  basepoint: false
  diff: false
  dropout: 0.9
  gnn_type: GSAN
  jk_type: null
  l2_reg: 0.01
  learn_embedding: false
  n_depth: 1
  n_features: 64
  n_heads: 8
  n_levels: 2
  n_post: 0
  n_pre: 0
  n_steps: 5
  norm_type: layer
opt:
  es_patience: 50
  lr_init: 0.01
  mode: min
  monitor: val_loss
  n_epochs: 1000
results:
  test:
    acc: 0.6679880023002625
    auprc: 0.7242827415466309
    auroc: 0.9010242223739624
    loss: 1.5003604888916016
  train:
    acc: 0.9583333730697632
    auprc: 0.9966647624969482
    auroc: 0.9992780685424805
    loss: 0.5327517986297607
  val:
    acc: 0.6999999284744263
    auprc: 0.7520049810409546
    auroc: 0.9115649461746216
    loss: 1.4200853109359741
