data:
  dataset_name: cora,citeseer,pubmed
experiment:
  n_splits: 100
  n_trials: 1
model:
  attn_dropout: 0.3
  basepoint: false
  diff: false
  dropout: 0.9
  gnn_type: GSAN
  jk_type: null
  l2_reg: 0.01
  learn_embedding: false
  n_depth: 1
  n_features: 64
  n_heads: 8
  n_levels: 2
  n_post: 0
  n_pre: 0
  n_steps: 5
  norm_type: layer
opt:
  es_patience: 50
  lr_init: 0.01
  mode: min
  monitor: val_loss
  n_epochs: 1000
results:
  test:
    acc: 0.6960687637329102
    auprc: 0.7331501245498657
    auroc: 0.9021553993225098
    loss: 1.550444483757019
  train:
    acc: 0.966666579246521
    auprc: 0.9963079690933228
    auroc: 0.999326765537262
    loss: 0.5434392690658569
  val:
    acc: 0.7055555582046509
    auprc: 0.7303916215896606
    auroc: 0.9005894064903259
    loss: 1.49456787109375
