data:
  dataset_name: cora,citeseer,pubmed
  khop: 1
experiment:
  n_splits: 100
  n_trials: 1
model:
  attn_dropout: 0.3
  basepoint: false
  diff: false
  dropout: 0.9
  gnn_type: GSAN
  jk_type: null
  l2_reg: 0.01
  learn_embedding: false
  n_depth: 1
  n_features: 64
  n_heads: 8
  n_levels: 2
  n_post: 0
  n_pre: 0
  n_steps: 5
  norm_type: layer
opt:
  es_patience: 50
  lr_init: 0.01
  mode: min
  monitor: val_loss
  n_epochs: 1000
results:
  test:
    acc: 0.6579537391662598
    auprc: 0.7070847749710083
    auroc: 0.8968678116798401
    loss: 1.5601603984832764
  train:
    acc: 0.9583333730697632
    auprc: 0.9934743642807007
    auroc: 0.9989094138145447
    loss: 0.5237492918968201
  val:
    acc: 0.6722221970558167
    auprc: 0.6929265856742859
    auroc: 0.892304539680481
    loss: 1.5792022943496704
