data:
  dataset_name: cora,citeseer,pubmed
  khop: 2
experiment:
  n_splits: 100
  n_trials: 1
model:
  attn_dropout: 0.3
  basepoint: false
  diff: false
  dropout: 0.9
  gnn_type: GSAN
  jk_type: null
  l2_reg: 0.01
  learn_embedding: false
  n_depth: 1
  n_features: 64
  n_heads: 8
  n_levels: 2
  n_post: 0
  n_pre: 0
  n_steps: 5
  norm_type: layer
opt:
  es_patience: 50
  lr_init: 0.01
  mode: min
  monitor: val_loss
  n_epochs: 1000
results:
  test:
    acc: 0.6388012766838074
    auprc: 0.6655364632606506
    auroc: 0.876951277256012
    loss: 1.5948185920715332
  train:
    acc: 0.9583333730697632
    auprc: 0.9953511953353882
    auroc: 0.9989998936653137
    loss: 0.5910775661468506
  val:
    acc: 0.605555534362793
    auprc: 0.6847946643829346
    auroc: 0.8731082677841187
    loss: 1.6668764352798462
