data:
  dataset_name: cora,citeseer,pubmed
  khop: 2
experiment:
  n_splits: 100
  n_trials: 1
model:
  basepoint: false
  diff: false
  dropout: 0.9
  gnn_type: GSN
  jk_type: null
  l2_reg: 0.01
  learn_embedding: false
  n_depth: 1
  n_features: 64
  n_levels: 2
  n_post: 0
  n_pre: 0
  n_steps: 5
  norm_type: layer
opt:
  es_patience: 50
  lr_init: 0.01
  mode: min
  monitor: val_loss
  n_epochs: 1000
results:
  test:
    acc: 0.62848299741745
    auprc: 0.6532126069068909
    auroc: 0.8715102672576904
    loss: 1.6841762065887451
  train:
    acc: 0.9833333492279053
    auprc: 0.9998564124107361
    auroc: 0.9999720454216003
    loss: 0.34251686930656433
  val:
    acc: 0.6277777552604675
    auprc: 0.65288245677948
    auroc: 0.8749633431434631
    loss: 1.6807044744491577
