data:
  dataset_name: cora,citeseer,pubmed
  khop: 1
experiment:
  n_splits: 100
  n_trials: 1
model:
  attn_dropout: 0.3
  basepoint: false
  diff: false
  dropout: 0.9
  gnn_type: GSAN
  jk_type: null
  l2_reg: 0.01
  learn_embedding: false
  n_depth: 1
  n_features: 64
  n_heads: 8
  n_levels: 2
  n_post: 0
  n_pre: 0
  n_steps: 5
  norm_type: layer
opt:
  es_patience: 50
  lr_init: 0.01
  mode: min
  monitor: val_loss
  n_epochs: 1000
results:
  test:
    acc: 0.6634968519210815
    auprc: 0.707596480846405
    auroc: 0.8940304517745972
    loss: 1.5536484718322754
  train:
    acc: 0.9916665554046631
    auprc: 0.9999311566352844
    auroc: 0.9999862313270569
    loss: 0.4649288058280945
  val:
    acc: 0.6333333253860474
    auprc: 0.7145345211029053
    auroc: 0.9042764902114868
    loss: 1.4866294860839844
