data:
  dataset_name: cora,citeseer,pubmed
  khop: 1
experiment:
  n_splits: 100
  n_trials: 1
model:
  basepoint: false
  diff: false
  dropout: 0.9
  gnn_type: GSN
  jk_type: null
  l2_reg: 0.01
  learn_embedding: false
  n_depth: 1
  n_features: 64
  n_levels: 2
  n_post: 0
  n_pre: 0
  n_steps: 5
  norm_type: layer
opt:
  es_patience: 50
  lr_init: 0.01
  mode: min
  monitor: val_loss
  n_epochs: 1000
results:
  test:
    acc: 0.6550444960594177
    auprc: 0.7117107510566711
    auroc: 0.8921456336975098
    loss: 1.6198456287384033
  train:
    acc: 0.9750000834465027
    auprc: 0.9948999881744385
    auroc: 0.9992401003837585
    loss: 0.3614121079444885
  val:
    acc: 0.7333333492279053
    auprc: 0.7755968570709229
    auroc: 0.908115565776825
    loss: 1.4335688352584839
