data:
  dataset_name: cora,citeseer,pubmed
  khop: 2
experiment:
  n_splits: 100
  n_trials: 1
model:
  attn_dropout: 0.3
  basepoint: false
  diff: false
  dropout: 0.9
  gnn_type: GSAN
  jk_type: null
  l2_reg: 0.01
  learn_embedding: false
  n_depth: 1
  n_features: 64
  n_heads: 8
  n_levels: 2
  n_post: 0
  n_pre: 0
  n_steps: 5
  norm_type: layer
opt:
  es_patience: 50
  lr_init: 0.01
  mode: min
  monitor: val_loss
  n_epochs: 1000
results:
  test:
    acc: 0.6171875
    auprc: 0.6770321130752563
    auroc: 0.8797246813774109
    loss: 1.6157004833221436
  train:
    acc: 0.9666666984558105
    auprc: 0.996788740158081
    auroc: 0.9992871284484863
    loss: 0.4833683967590332
  val:
    acc: 0.6222221851348877
    auprc: 0.6495737433433533
    auroc: 0.8678089380264282
    loss: 1.696300745010376
