data:
  dataset_name: cora,citeseer,pubmed
  khop: 1
experiment:
  n_splits: 100
  n_trials: 1
model:
  attn_dropout: 0.3
  basepoint: false
  diff: false
  dropout: 0.9
  gnn_type: GSAN
  jk_type: null
  l2_reg: 0.01
  learn_embedding: false
  n_depth: 1
  n_features: 64
  n_heads: 8
  n_levels: 2
  n_post: 0
  n_pre: 0
  n_steps: 5
  norm_type: layer
opt:
  es_patience: 50
  lr_init: 0.01
  mode: min
  monitor: val_loss
  n_epochs: 1000
results:
  test:
    acc: 0.6528803706169128
    auprc: 0.7121627330780029
    auroc: 0.896590530872345
    loss: 1.5520414113998413
  train:
    acc: 0.958333432674408
    auprc: 0.9967005252838135
    auroc: 0.999301016330719
    loss: 0.5281870365142822
  val:
    acc: 0.6611111164093018
    auprc: 0.7289751768112183
    auroc: 0.9111648201942444
    loss: 1.4499216079711914
