data:
  dataset_name: cora,citeseer,pubmed
  khop: 1
experiment:
  n_splits: 100
  n_trials: 1
model:
  basepoint: false
  diff: false
  dropout: 0.9
  gnn_type: GSN
  jk_type: null
  l2_reg: 0.01
  learn_embedding: false
  n_depth: 1
  n_features: 64
  n_levels: 2
  n_post: 0
  n_pre: 0
  n_steps: 5
  norm_type: layer
opt:
  es_patience: 50
  lr_init: 0.01
  mode: min
  monitor: val_loss
  n_epochs: 1000
results:
  test:
    acc: 0.700581431388855
    auprc: 0.7520977258682251
    auroc: 0.9109748601913452
    loss: 1.4683418273925781
  train:
    acc: 1.0
    auprc: 1.000000238418579
    auroc: 0.9999999403953552
    loss: 0.5006340146064758
  val:
    acc: 0.694444477558136
    auprc: 0.7628844976425171
    auroc: 0.9145161509513855
    loss: 1.442315936088562
