data:
  dataset_name: cora,citeseer,pubmed
  khop: 2
experiment:
  n_splits: 100
  n_trials: 1
model:
  basepoint: false
  diff: false
  dropout: 0.9
  gnn_type: GSN
  jk_type: null
  l2_reg: 0.01
  learn_embedding: false
  n_depth: 1
  n_features: 64
  n_levels: 2
  n_post: 0
  n_pre: 0
  n_steps: 5
  norm_type: layer
opt:
  es_patience: 50
  lr_init: 0.01
  mode: min
  monitor: val_loss
  n_epochs: 1000
results:
  test:
    acc: 0.6408228874206543
    auprc: 0.6737555265426636
    auroc: 0.8815801739692688
    loss: 1.6175042390823364
  train:
    acc: 0.98333340883255
    auprc: 0.9991182088851929
    auroc: 0.9998311996459961
    loss: 0.36473605036735535
  val:
    acc: 0.6944444179534912
    auprc: 0.7387199401855469
    auroc: 0.9060704708099365
    loss: 1.390289306640625
