data:
  dataset_name: cora,citeseer,pubmed
  khop: 1
experiment:
  n_splits: 100
  n_trials: 1
model:
  basepoint: false
  diff: false
  dropout: 0.9
  gnn_type: GSN
  jk_type: null
  l2_reg: 0.01
  learn_embedding: false
  n_depth: 1
  n_features: 64
  n_levels: 2
  n_post: 0
  n_pre: 0
  n_steps: 5
  norm_type: layer
opt:
  es_patience: 50
  lr_init: 0.01
  mode: min
  monitor: val_loss
  n_epochs: 1000
results:
  test:
    acc: 0.6904942989349365
    auprc: 0.7500877380371094
    auroc: 0.910773754119873
    loss: 1.475654125213623
  train:
    acc: 0.9916667342185974
    auprc: 0.9979456663131714
    auroc: 0.9996362924575806
    loss: 0.5215632319450378
  val:
    acc: 0.6388888955116272
    auprc: 0.6656879186630249
    auroc: 0.878797173500061
    loss: 1.7063941955566406
