data:
  dataset_name: cora,citeseer,pubmed
  khop: 2
experiment:
  n_splits: 100
  n_trials: 1
model:
  attn_dropout: 0.3
  basepoint: false
  diff: false
  dropout: 0.9
  gnn_type: GSAN
  jk_type: null
  l2_reg: 0.01
  learn_embedding: false
  n_depth: 1
  n_features: 64
  n_heads: 8
  n_levels: 2
  n_post: 0
  n_pre: 0
  n_steps: 5
  norm_type: layer
opt:
  es_patience: 50
  lr_init: 0.01
  mode: min
  monitor: val_loss
  n_epochs: 1000
results:
  test:
    acc: 0.6105919480323792
    auprc: 0.6418609619140625
    auroc: 0.8656790852546692
    loss: 1.6767154932022095
  train:
    acc: 0.9500001072883606
    auprc: 0.9920955300331116
    auroc: 0.9981252551078796
    loss: 0.4812251925468445
  val:
    acc: 0.6000000834465027
    auprc: 0.6162756085395813
    auroc: 0.8697623014450073
    loss: 1.6625796556472778
