data:
  dataset_name: cora,citeseer,pubmed
  khop: 2
experiment:
  n_splits: 100
  n_trials: 1
model:
  basepoint: false
  diff: false
  dropout: 0.9
  gnn_type: GSN
  jk_type: null
  l2_reg: 0.01
  learn_embedding: false
  n_depth: 1
  n_features: 64
  n_levels: 2
  n_post: 0
  n_pre: 0
  n_steps: 5
  norm_type: layer
opt:
  es_patience: 50
  lr_init: 0.01
  mode: min
  monitor: val_loss
  n_epochs: 1000
results:
  test:
    acc: 0.6514913439750671
    auprc: 0.7156301140785217
    auroc: 0.8955036997795105
    loss: 1.5800938606262207
  train:
    acc: 0.9916666746139526
    auprc: 0.9983408451080322
    auroc: 0.9996996521949768
    loss: 0.49508577585220337
  val:
    acc: 0.6555556058883667
    auprc: 0.6994015574455261
    auroc: 0.8862283229827881
    loss: 1.635474443435669
