data:
  dataset_name: cora,citeseer,pubmed
  khop: 1
experiment:
  n_splits: 100
  n_trials: 1
model:
  attn_dropout: 0.3
  basepoint: false
  diff: false
  dropout: 0.9
  gnn_type: GSAN
  jk_type: null
  l2_reg: 0.01
  learn_embedding: false
  n_depth: 1
  n_features: 64
  n_heads: 8
  n_levels: 2
  n_post: 0
  n_pre: 0
  n_steps: 5
  norm_type: layer
opt:
  es_patience: 50
  lr_init: 0.01
  mode: min
  monitor: val_loss
  n_epochs: 1000
results:
  test:
    acc: 0.6483917832374573
    auprc: 0.6849740743637085
    auroc: 0.8804121613502502
    loss: 1.683133840560913
  train:
    acc: 0.9916666746139526
    auprc: 0.9992303848266602
    auroc: 0.9998529553413391
    loss: 0.4910837411880493
  val:
    acc: 0.6888889074325562
    auprc: 0.7139406204223633
    auroc: 0.8966308236122131
    loss: 1.508691430091858
