data:
  dataset_name: cora,citeseer,pubmed
  khop: 1
experiment:
  n_splits: 100
  n_trials: 1
model:
  attn_dropout: 0.3
  basepoint: false
  diff: false
  dropout: 0.9
  gnn_type: GSAN
  jk_type: null
  l2_reg: 0.01
  learn_embedding: false
  n_depth: 1
  n_features: 64
  n_heads: 8
  n_levels: 2
  n_post: 0
  n_pre: 0
  n_steps: 5
  norm_type: layer
opt:
  es_patience: 50
  lr_init: 0.01
  mode: min
  monitor: val_loss
  n_epochs: 1000
results:
  test:
    acc: 0.6654219031333923
    auprc: 0.7211300730705261
    auroc: 0.8946858644485474
    loss: 1.546838402748108
  train:
    acc: 0.9750000238418579
    auprc: 0.9978684186935425
    auroc: 0.9995387196540833
    loss: 0.48672011494636536
  val:
    acc: 0.7111111283302307
    auprc: 0.7496697902679443
    auroc: 0.9019355773925781
    loss: 1.5039639472961426
