data:
  dataset_name: cora,citeseer,pubmed
  khop: 1
experiment:
  n_splits: 100
  n_trials: 1
model:
  basepoint: false
  diff: false
  dropout: 0.9
  gnn_type: GSN
  jk_type: null
  l2_reg: 0.01
  learn_embedding: false
  n_depth: 1
  n_features: 64
  n_levels: 2
  n_post: 0
  n_pre: 0
  n_steps: 5
  norm_type: layer
opt:
  es_patience: 50
  lr_init: 0.01
  mode: min
  monitor: val_loss
  n_epochs: 1000
results:
  test:
    acc: 0.694667637348175
    auprc: 0.7379462718963623
    auroc: 0.8978420495986938
    loss: 1.5803465843200684
  train:
    acc: 0.9916666746139526
    auprc: 0.9997151494026184
    auroc: 0.9999439120292664
    loss: 0.3226771354675293
  val:
    acc: 0.7166666388511658
    auprc: 0.7474962472915649
    auroc: 0.9102222919464111
    loss: 1.5368754863739014
