data:
  dataset_name: cora,citeseer,pubmed
experiment:
  n_splits: 100
  n_trials: 1
model:
  attn_dropout: 0.3
  basepoint: false
  diff: false
  dropout: 0.9
  gnn_type: GSAN
  jk_type: null
  l2_reg: 0.01
  learn_embedding: false
  n_depth: 1
  n_features: 64
  n_heads: 8
  n_levels: 2
  n_post: 0
  n_pre: 0
  n_steps: 5
  norm_type: layer
opt:
  es_patience: 50
  lr_init: 0.01
  mode: min
  monitor: val_loss
  n_epochs: 1000
results:
  test:
    acc: 0.6868186593055725
    auprc: 0.7222751975059509
    auroc: 0.897371768951416
    loss: 1.553098440170288
  train:
    acc: 0.9916666746139526
    auprc: 0.9995955228805542
    auroc: 0.9999169111251831
    loss: 0.3697271943092346
  val:
    acc: 0.6833333969116211
    auprc: 0.7445859909057617
    auroc: 0.8999375700950623
    loss: 1.4921270608901978
