data:
  dataset_name: cora,citeseer
  khop: 2
experiment:
  n_splits: 100
  n_trials: 1
model:
  basepoint: false
  diff: false
  dropout: 0.9
  gnn_type: GSN
  jk_type: null
  l2_reg: 0.01
  learn_embedding: false
  n_depth: 1
  n_features: 64
  n_levels: 2
  n_post: 0
  n_pre: 0
  n_steps: 5
  norm_type: layer
opt:
  es_patience: 50
  lr_init: 0.01
  mode: min
  monitor: val_loss
  n_epochs: 1000
results:
  test:
    acc: 0.6097561120986938
    auprc: 0.6652204990386963
    auroc: 0.8695701360702515
    loss: 1.7405577898025513
  train:
    acc: 0.9916666746139526
    auprc: 1.0
    auroc: 0.9999999403953552
    loss: 0.32550376653671265
  val:
    acc: 0.6444444060325623
    auprc: 0.7096379995346069
    auroc: 0.8928660154342651
    loss: 1.6022944450378418
