data:
  dataset_name: cora,citeseer,pubmed
  khop: 1
experiment:
  n_splits: 100
  n_trials: 1
model:
  attn_dropout: 0.3
  basepoint: false
  diff: false
  dropout: 0.9
  gnn_type: GSAN
  jk_type: null
  l2_reg: 0.01
  learn_embedding: false
  n_depth: 1
  n_features: 64
  n_heads: 8
  n_levels: 2
  n_post: 0
  n_pre: 0
  n_steps: 5
  norm_type: layer
opt:
  es_patience: 50
  lr_init: 0.01
  mode: min
  monitor: val_loss
  n_epochs: 1000
results:
  test:
    acc: 0.6587888598442078
    auprc: 0.691859781742096
    auroc: 0.8886407017707825
    loss: 1.6051172018051147
  train:
    acc: 0.98333340883255
    auprc: 0.9971932172775269
    auroc: 0.9993985891342163
    loss: 0.6613324880599976
  val:
    acc: 0.6333333849906921
    auprc: 0.6209622621536255
    auroc: 0.8642963171005249
    loss: 1.780447006225586
