data:
  dataset_name: cora,citeseer,pubmed
  khop: 2
experiment:
  n_splits: 100
  n_trials: 1
model:
  basepoint: false
  diff: false
  dropout: 0.9
  gnn_type: GSN
  jk_type: null
  l2_reg: 0.01
  learn_embedding: false
  n_depth: 1
  n_features: 64
  n_levels: 2
  n_post: 0
  n_pre: 0
  n_steps: 5
  norm_type: layer
opt:
  es_patience: 50
  lr_init: 0.01
  mode: min
  monitor: val_loss
  n_epochs: 1000
results:
  test:
    acc: 0.6478658318519592
    auprc: 0.6937392950057983
    auroc: 0.8883194327354431
    loss: 1.5520319938659668
  train:
    acc: 0.9916666746139526
    auprc: 1.0
    auroc: 1.0
    loss: 0.4345000982284546
  val:
    acc: 0.6444445252418518
    auprc: 0.6840434074401855
    auroc: 0.8848962187767029
    loss: 1.5540145635604858
