data:
  dataset_name: cora,citeseer,pubmed
  khop: 2
experiment:
  n_splits: 100
  n_trials: 1
model:
  attn_dropout: 0.3
  basepoint: false
  diff: false
  dropout: 0.9
  gnn_type: GSAN
  jk_type: null
  l2_reg: 0.01
  learn_embedding: false
  n_depth: 1
  n_features: 64
  n_heads: 8
  n_levels: 2
  n_post: 0
  n_pre: 0
  n_steps: 5
  norm_type: layer
opt:
  es_patience: 50
  lr_init: 0.01
  mode: min
  monitor: val_loss
  n_epochs: 1000
results:
  test:
    acc: 0.6062015295028687
    auprc: 0.6179146766662598
    auroc: 0.8561793565750122
    loss: 1.8330951929092407
  train:
    acc: 0.949999988079071
    auprc: 0.9784120917320251
    auroc: 0.9976828098297119
    loss: 0.43628665804862976
  val:
    acc: 0.6944444179534912
    auprc: 0.7619670629501343
    auroc: 0.8988583087921143
    loss: 1.513166904449463
