data:
  dataset_name: cora,citeseer,pubmed
experiment:
  n_splits: 100
  n_trials: 1
model:
  attn_dropout: 0.3
  basepoint: false
  diff: false
  dropout: 0.9
  gnn_type: GSAN
  jk_type: null
  l2_reg: 0.01
  learn_embedding: false
  n_depth: 1
  n_features: 64
  n_heads: 8
  n_levels: 2
  n_post: 0
  n_pre: 0
  n_steps: 5
  norm_type: layer
opt:
  es_patience: 50
  lr_init: 0.01
  mode: min
  monitor: val_loss
  n_epochs: 1000
results:
  test:
    acc: 0.6775686740875244
    auprc: 0.7117353677749634
    auroc: 0.8903455138206482
    loss: 1.600711703300476
  train:
    acc: 0.9750000238418579
    auprc: 0.9955251216888428
    auroc: 0.9992960691452026
    loss: 0.40357857942581177
  val:
    acc: 0.6944445371627808
    auprc: 0.7659918665885925
    auroc: 0.9095394015312195
    loss: 1.4459254741668701
