data:
  dataset_name: cora,citeseer,pubmed
experiment:
  n_splits: 100
  n_trials: 1
model:
  attn_dropout: 0.3
  basepoint: false
  diff: false
  dropout: 0.9
  gnn_type: GSAN
  jk_type: null
  l2_reg: 0.01
  learn_embedding: false
  n_depth: 1
  n_features: 64
  n_heads: 8
  n_levels: 2
  n_post: 0
  n_pre: 0
  n_steps: 5
  norm_type: layer
opt:
  es_patience: 50
  lr_init: 0.01
  mode: min
  monitor: val_loss
  n_epochs: 1000
results:
  test:
    acc: 0.6772383451461792
    auprc: 0.7240840792655945
    auroc: 0.903923511505127
    loss: 1.4902652502059937
  train:
    acc: 0.9750000238418579
    auprc: 0.9976800680160522
    auroc: 0.999524712562561
    loss: 0.5013550519943237
  val:
    acc: 0.6833333373069763
    auprc: 0.7362279891967773
    auroc: 0.9019015431404114
    loss: 1.4841804504394531
