data:
  dataset_name: cora,citeseer,pubmed
  khop: 1
experiment:
  n_splits: 100
  n_trials: 1
model:
  basepoint: false
  diff: false
  dropout: 0.9
  gnn_type: GSN
  jk_type: null
  l2_reg: 0.01
  learn_embedding: false
  n_depth: 1
  n_features: 64
  n_levels: 2
  n_post: 0
  n_pre: 0
  n_steps: 5
  norm_type: layer
opt:
  es_patience: 50
  lr_init: 0.01
  mode: min
  monitor: val_loss
  n_epochs: 1000
results:
  test:
    acc: 0.7923251390457153
    auprc: 0.8655931949615479
    auroc: 0.9598549604415894
    loss: 0.9848282337188721
  train:
    acc: 1.0
    auprc: 1.000001311302185
    auroc: 1.0000004768371582
    loss: 0.25690406560897827
  val:
    acc: 0.800000011920929
    auprc: 0.8680616617202759
    auroc: 0.9577937126159668
    loss: 0.9934484362602234
