data:
  dataset_name: cora,citeseer,pubmed
experiment:
  n_splits: 100
  n_trials: 1
model:
  attn_dropout: 0.3
  basepoint: false
  diff: false
  dropout: 0.9
  gnn_type: GSAN
  jk_type: null
  l2_reg: 0.01
  learn_embedding: false
  n_depth: 1
  n_features: 64
  n_heads: 8
  n_levels: 2
  n_post: 0
  n_pre: 0
  n_steps: 5
  norm_type: layer
opt:
  es_patience: 50
  lr_init: 0.01
  mode: min
  monitor: val_loss
  n_epochs: 1000
results:
  test:
    acc: 0.8307888507843018
    auprc: 0.8831782341003418
    auroc: 0.9619957804679871
    loss: 0.8532282114028931
  train:
    acc: 0.9928572177886963
    auprc: 0.9999493360519409
    auroc: 0.9999919533729553
    loss: 0.22594581544399261
  val:
    acc: 0.8238094449043274
    auprc: 0.9041304588317871
    auroc: 0.9648134708404541
    loss: 0.7714881896972656
