data:
  dataset_name: cora,citeseer,pubmed
  khop: 1
experiment:
  n_splits: 100
  n_trials: 1
model:
  basepoint: false
  diff: false
  dropout: 0.9
  gnn_type: GSN
  jk_type: null
  l2_reg: 0.01
  learn_embedding: false
  n_depth: 1
  n_features: 64
  n_levels: 2
  n_post: 0
  n_pre: 0
  n_steps: 5
  norm_type: layer
opt:
  es_patience: 50
  lr_init: 0.01
  mode: min
  monitor: val_loss
  n_epochs: 1000
results:
  test:
    acc: 0.8240962028503418
    auprc: 0.9008207321166992
    auroc: 0.9718882441520691
    loss: 0.8234503269195557
  train:
    acc: 1.0
    auprc: 1.0000003576278687
    auroc: 1.0000004768371582
    loss: 0.2903139591217041
  val:
    acc: 0.7619047164916992
    auprc: 0.8703306317329407
    auroc: 0.9613039493560791
    loss: 0.9602389931678772
