data:
  dataset_name: cora,citeseer
  khop: 2
experiment:
  n_splits: 100
  n_trials: 1
model:
  basepoint: false
  diff: false
  dropout: 0.9
  gnn_type: GSN
  jk_type: null
  l2_reg: 0.01
  learn_embedding: false
  n_depth: 1
  n_features: 64
  n_levels: 2
  n_post: 0
  n_pre: 0
  n_steps: 5
  norm_type: layer
opt:
  es_patience: 50
  lr_init: 0.01
  mode: min
  monitor: val_loss
  n_epochs: 1000
results:
  test:
    acc: 0.8012821674346924
    auprc: 0.8875448107719421
    auroc: 0.9639149308204651
    loss: 0.8078316450119019
  train:
    acc: 1.0
    auprc: 1.0000001192092896
    auroc: 1.0000005960464478
    loss: 0.15281762182712555
  val:
    acc: 0.7904762029647827
    auprc: 0.8608505725860596
    auroc: 0.9519900679588318
    loss: 0.9433261752128601
