data:
  dataset_name: cora,citeseer,pubmed
experiment:
  n_splits: 100
  n_trials: 1
model:
  attn_dropout: 0.3
  basepoint: false
  diff: false
  dropout: 0.9
  gnn_type: GSAN
  jk_type: null
  l2_reg: 0.01
  learn_embedding: false
  n_depth: 1
  n_features: 64
  n_heads: 8
  n_levels: 2
  n_post: 0
  n_pre: 0
  n_steps: 5
  norm_type: layer
opt:
  es_patience: 50
  lr_init: 0.01
  mode: min
  monitor: val_loss
  n_epochs: 1000
results:
  test:
    acc: 0.8011025786399841
    auprc: 0.8744922876358032
    auroc: 0.9587843418121338
    loss: 0.9522425532341003
  train:
    acc: 1.0
    auprc: 1.0000003576278687
    auroc: 1.000000238418579
    loss: 0.2567698657512665
  val:
    acc: 0.8142857551574707
    auprc: 0.8811928033828735
    auroc: 0.9640008807182312
    loss: 0.869379997253418
