data:
  dataset_name: cora,citeseer,pubmed
  khop: 1
experiment:
  n_splits: 100
  n_trials: 1
model:
  basepoint: false
  diff: false
  dropout: 0.9
  gnn_type: GSN
  jk_type: null
  l2_reg: 0.01
  learn_embedding: false
  n_depth: 1
  n_features: 64
  n_levels: 2
  n_post: 0
  n_pre: 0
  n_steps: 5
  norm_type: layer
opt:
  es_patience: 50
  lr_init: 0.01
  mode: min
  monitor: val_loss
  n_epochs: 1000
results:
  test:
    acc: 0.8267717361450195
    auprc: 0.8800438642501831
    auroc: 0.9634379148483276
    loss: 0.8998072147369385
  train:
    acc: 1.0
    auprc: 1.0000003576278687
    auroc: 1.000000238418579
    loss: 0.27369290590286255
  val:
    acc: 0.8142857551574707
    auprc: 0.9136825799942017
    auroc: 0.9795524477958679
    loss: 0.750286877155304
