data:
  dataset_name: cora,citeseer,pubmed
  khop: 2
experiment:
  n_splits: 100
  n_trials: 1
model:
  attn_dropout: 0.3
  basepoint: false
  diff: false
  dropout: 0.9
  gnn_type: GSAN
  jk_type: null
  l2_reg: 0.01
  learn_embedding: false
  n_depth: 1
  n_features: 64
  n_heads: 8
  n_levels: 2
  n_post: 0
  n_pre: 0
  n_steps: 5
  norm_type: layer
opt:
  es_patience: 50
  lr_init: 0.01
  mode: min
  monitor: val_loss
  n_epochs: 1000
results:
  test:
    acc: 0.7607360482215881
    auprc: 0.8136517405509949
    auroc: 0.938973605632782
    loss: 1.1135098934173584
  train:
    acc: 1.0
    auprc: 1.0000004768371582
    auroc: 1.0000004768371582
    loss: 0.23864179849624634
  val:
    acc: 0.8000000715255737
    auprc: 0.858501672744751
    auroc: 0.9527386426925659
    loss: 0.9783653616905212
