data:
  dataset_name: cora,citeseer,pubmed
  khop: 1
experiment:
  n_splits: 100
  n_trials: 1
model:
  attn_dropout: 0.3
  basepoint: false
  diff: false
  dropout: 0.9
  gnn_type: GSAN
  jk_type: null
  l2_reg: 0.01
  learn_embedding: false
  n_depth: 1
  n_features: 64
  n_heads: 8
  n_levels: 2
  n_post: 0
  n_pre: 0
  n_steps: 5
  norm_type: layer
opt:
  es_patience: 50
  lr_init: 0.01
  mode: min
  monitor: val_loss
  n_epochs: 1000
results:
  test:
    acc: 0.8201118111610413
    auprc: 0.8774662017822266
    auroc: 0.9609143137931824
    loss: 0.8846400380134583
  train:
    acc: 1.0
    auprc: 1.0000007152557373
    auroc: 1.000000238418579
    loss: 0.22003217041492462
  val:
    acc: 0.8285713791847229
    auprc: 0.8871307969093323
    auroc: 0.9675873517990112
    loss: 0.7818576693534851
