data:
  dataset_name: cora,citeseer
  khop: 2
experiment:
  n_splits: 100
  n_trials: 1
model:
  basepoint: false
  diff: false
  dropout: 0.9
  gnn_type: GSN
  jk_type: null
  l2_reg: 0.01
  learn_embedding: false
  n_depth: 1
  n_features: 64
  n_levels: 2
  n_post: 0
  n_pre: 0
  n_steps: 5
  norm_type: layer
opt:
  es_patience: 50
  lr_init: 0.01
  mode: min
  monitor: val_loss
  n_epochs: 1000
results:
  test:
    acc: 0.741176426410675
    auprc: 0.8391778469085693
    auroc: 0.9433535933494568
    loss: 1.188144564628601
  train:
    acc: 1.0
    auprc: 1.0
    auroc: 1.0000005960464478
    loss: 0.12110232561826706
  val:
    acc: 0.8238094449043274
    auprc: 0.8939160108566284
    auroc: 0.9658128619194031
    loss: 0.752921462059021
