data:
  dataset_name: cora,citeseer,pubmed
  khop: 2
experiment:
  n_splits: 100
  n_trials: 1
model:
  basepoint: false
  diff: false
  dropout: 0.9
  gnn_type: GSN
  jk_type: null
  l2_reg: 0.01
  learn_embedding: false
  n_depth: 1
  n_features: 64
  n_levels: 2
  n_post: 0
  n_pre: 0
  n_steps: 5
  norm_type: layer
opt:
  es_patience: 50
  lr_init: 0.01
  mode: min
  monitor: val_loss
  n_epochs: 1000
results:
  test:
    acc: 0.8373494148254395
    auprc: 0.8872955441474915
    auroc: 0.9681434631347656
    loss: 0.8539822697639465
  train:
    acc: 1.0
    auprc: 1.0000001192092896
    auroc: 1.0000003576278687
    loss: 0.24997366964817047
  val:
    acc: 0.7904761433601379
    auprc: 0.8495907187461853
    auroc: 0.9518652558326721
    loss: 0.9891535639762878
