data:
  dataset_name: cora,citeseer,pubmed
  khop: 1
experiment:
  n_splits: 100
  n_trials: 1
model:
  attn_dropout: 0.3
  basepoint: false
  diff: false
  dropout: 0.9
  gnn_type: GSAN
  jk_type: null
  l2_reg: 0.01
  learn_embedding: false
  n_depth: 1
  n_features: 64
  n_heads: 8
  n_levels: 2
  n_post: 0
  n_pre: 0
  n_steps: 5
  norm_type: layer
opt:
  es_patience: 50
  lr_init: 0.01
  mode: min
  monitor: val_loss
  n_epochs: 1000
results:
  test:
    acc: 0.799541711807251
    auprc: 0.8714398741722107
    auroc: 0.9622783064842224
    loss: 0.9665488600730896
  train:
    acc: 0.9928570985794067
    auprc: 0.999798595905304
    auroc: 0.9999659657478333
    loss: 0.3206254541873932
  val:
    acc: 0.7952380180358887
    auprc: 0.8273655772209167
    auroc: 0.939987063407898
    loss: 1.1139835119247437
