data:
  dataset_name: cora,citeseer,pubmed
  khop: 1
experiment:
  n_splits: 100
  n_trials: 1
model:
  attn_dropout: 0.3
  basepoint: false
  diff: false
  dropout: 0.9
  gnn_type: GSAN
  jk_type: null
  l2_reg: 0.01
  learn_embedding: false
  n_depth: 1
  n_features: 64
  n_heads: 8
  n_levels: 2
  n_post: 0
  n_pre: 0
  n_steps: 5
  norm_type: layer
opt:
  es_patience: 50
  lr_init: 0.01
  mode: min
  monitor: val_loss
  n_epochs: 1000
results:
  test:
    acc: 0.8019912242889404
    auprc: 0.8716517090797424
    auroc: 0.9618561863899231
    loss: 0.914068341255188
  train:
    acc: 0.9928571581840515
    auprc: 0.9999492764472961
    auroc: 0.9999920725822449
    loss: 0.2265406996011734
  val:
    acc: 0.8142858147621155
    auprc: 0.8779447078704834
    auroc: 0.9579159021377563
    loss: 0.8941916227340698
