data:
  dataset_name: cora,citeseer,pubmed
experiment:
  n_splits: 100
  n_trials: 1
model:
  attn_dropout: 0.3
  basepoint: false
  diff: false
  dropout: 0.9
  gnn_type: GSAN
  jk_type: null
  l2_reg: 0.01
  learn_embedding: false
  n_depth: 1
  n_features: 64
  n_heads: 8
  n_levels: 2
  n_post: 0
  n_pre: 0
  n_steps: 5
  norm_type: layer
opt:
  es_patience: 50
  lr_init: 0.01
  mode: min
  monitor: val_loss
  n_epochs: 1000
results:
  test:
    acc: 0.8269720077514648
    auprc: 0.899185299873352
    auroc: 0.9706855416297913
    loss: 0.8488787412643433
  train:
    acc: 1.0
    auprc: 1.0
    auroc: 1.000000238418579
    loss: 0.3028164505958557
  val:
    acc: 0.8238094449043274
    auprc: 0.9106042385101318
    auroc: 0.9728006720542908
    loss: 0.8454563021659851
