data:
  dataset_name: cora,citeseer,pubmed
  khop: 2
experiment:
  n_splits: 100
  n_trials: 1
model:
  attn_dropout: 0.3
  basepoint: false
  diff: false
  dropout: 0.9
  gnn_type: GSAN
  jk_type: null
  l2_reg: 0.01
  learn_embedding: false
  n_depth: 1
  n_features: 64
  n_heads: 8
  n_levels: 2
  n_post: 0
  n_pre: 0
  n_steps: 5
  norm_type: layer
opt:
  es_patience: 50
  lr_init: 0.01
  mode: min
  monitor: val_loss
  n_epochs: 1000
results:
  test:
    acc: 0.761363685131073
    auprc: 0.8313989043235779
    auroc: 0.9473064541816711
    loss: 1.0970028638839722
  train:
    acc: 1.0
    auprc: 1.0000001192092896
    auroc: 1.0000004768371582
    loss: 0.23182015120983124
  val:
    acc: 0.7809523940086365
    auprc: 0.8732801079750061
    auroc: 0.9644391536712646
    loss: 0.9177541732788086
