data:
  dataset_name: cora,citeseer
  khop: 2
experiment:
  n_splits: 100
  n_trials: 1
model:
  basepoint: false
  diff: false
  dropout: 0.9
  gnn_type: GSN
  jk_type: null
  l2_reg: 0.01
  learn_embedding: false
  n_depth: 1
  n_features: 64
  n_levels: 2
  n_post: 0
  n_pre: 0
  n_steps: 5
  norm_type: layer
opt:
  es_patience: 50
  lr_init: 0.01
  mode: min
  monitor: val_loss
  n_epochs: 1000
results:
  test:
    acc: 0.7732558250427246
    auprc: 0.8161340951919556
    auroc: 0.9348351359367371
    loss: 1.138519287109375
  train:
    acc: 1.0
    auprc: 1.0000001192092896
    auroc: 1.0000007152557373
    loss: 0.15153180062770844
  val:
    acc: 0.8095237612724304
    auprc: 0.8697239756584167
    auroc: 0.9550132751464844
    loss: 0.908456027507782
