data:
  dataset_name: cora,citeseer,pubmed
  khop: 2
experiment:
  n_splits: 100
  n_trials: 1
model:
  attn_dropout: 0.3
  basepoint: false
  diff: false
  dropout: 0.9
  gnn_type: GSAN
  jk_type: null
  l2_reg: 0.01
  learn_embedding: false
  n_depth: 1
  n_features: 64
  n_heads: 8
  n_levels: 2
  n_post: 0
  n_pre: 0
  n_steps: 5
  norm_type: layer
opt:
  es_patience: 50
  lr_init: 0.01
  mode: min
  monitor: val_loss
  n_epochs: 1000
results:
  test:
    acc: 0.8136646151542664
    auprc: 0.8684840202331543
    auroc: 0.9564892649650574
    loss: 0.8732848167419434
  train:
    acc: 1.0
    auprc: 1.0000001192092896
    auroc: 1.0000005960464478
    loss: 0.10481442511081696
  val:
    acc: 0.8142856955528259
    auprc: 0.8757414817810059
    auroc: 0.9606975317001343
    loss: 0.7991666793823242
