data:
  dataset_name: cora,citeseer,pubmed
  khop: 2
experiment:
  n_splits: 100
  n_trials: 1
model:
  attn_dropout: 0.3
  basepoint: false
  diff: false
  dropout: 0.9
  gnn_type: GSAN
  jk_type: null
  l2_reg: 0.01
  learn_embedding: false
  n_depth: 1
  n_features: 64
  n_heads: 8
  n_levels: 2
  n_post: 0
  n_pre: 0
  n_steps: 5
  norm_type: layer
opt:
  es_patience: 50
  lr_init: 0.01
  mode: min
  monitor: val_loss
  n_epochs: 1000
results:
  test:
    acc: 0.8456790447235107
    auprc: 0.9006860852241516
    auroc: 0.9621689915657043
    loss: 0.765978217124939
  train:
    acc: 1.0
    auprc: 1.0000001192092896
    auroc: 1.0000007152557373
    loss: 0.14253240823745728
  val:
    acc: 0.7857142090797424
    auprc: 0.8636360168457031
    auroc: 0.9644300937652588
    loss: 0.8530546426773071
