data:
  dataset_name: cora,citeseer,pubmed
experiment:
  n_splits: 100
  n_trials: 1
model:
  attn_dropout: 0.3
  basepoint: false
  diff: false
  dropout: 0.9
  gnn_type: GSAN
  jk_type: null
  l2_reg: 0.01
  learn_embedding: false
  n_depth: 1
  n_features: 64
  n_heads: 8
  n_levels: 2
  n_post: 0
  n_pre: 0
  n_steps: 5
  norm_type: layer
opt:
  es_patience: 50
  lr_init: 0.01
  mode: min
  monitor: val_loss
  n_epochs: 1000
results:
  test:
    acc: 0.8197624683380127
    auprc: 0.8829665184020996
    auroc: 0.9619256854057312
    loss: 0.8563079237937927
  train:
    acc: 1.0
    auprc: 1.0000007152557373
    auroc: 1.0000003576278687
    loss: 0.19835159182548523
  val:
    acc: 0.8333332538604736
    auprc: 0.8904853463172913
    auroc: 0.9650061726570129
    loss: 0.8717048168182373
