data:
  dataset_name: cora,citeseer
  khop: 2
experiment:
  n_splits: 100
  n_trials: 1
model:
  basepoint: false
  diff: false
  dropout: 0.9
  gnn_type: GSN
  jk_type: null
  l2_reg: 0.01
  learn_embedding: false
  n_depth: 1
  n_features: 64
  n_levels: 2
  n_post: 0
  n_pre: 0
  n_steps: 5
  norm_type: layer
opt:
  es_patience: 50
  lr_init: 0.01
  mode: min
  monitor: val_loss
  n_epochs: 1000
results:
  test:
    acc: 0.7888887524604797
    auprc: 0.8421532511711121
    auroc: 0.9466845393180847
    loss: 1.0475577116012573
  train:
    acc: 1.0
    auprc: 1.0
    auroc: 1.0000005960464478
    loss: 0.14189650118350983
  val:
    acc: 0.8238094449043274
    auprc: 0.8713720440864563
    auroc: 0.9638988375663757
    loss: 0.7959913015365601
