data:
  dataset_name: cora,citeseer,pubmed
  khop: 1
experiment:
  n_splits: 100
  n_trials: 1
model:
  attn_dropout: 0.3
  basepoint: false
  diff: false
  dropout: 0.9
  gnn_type: GSAN
  jk_type: null
  l2_reg: 0.01
  learn_embedding: false
  n_depth: 1
  n_features: 64
  n_heads: 8
  n_levels: 2
  n_post: 0
  n_pre: 0
  n_steps: 5
  norm_type: layer
opt:
  es_patience: 50
  lr_init: 0.01
  mode: min
  monitor: val_loss
  n_epochs: 1000
results:
  test:
    acc: 0.7875418066978455
    auprc: 0.8713327646255493
    auroc: 0.9601054787635803
    loss: 0.9828327894210815
  train:
    acc: 0.9928572177886963
    auprc: 0.9999492764472961
    auroc: 0.9999912977218628
    loss: 0.3203918933868408
  val:
    acc: 0.7904761433601379
    auprc: 0.8738501667976379
    auroc: 0.9615141153335571
    loss: 1.0054612159729004
