data:
  dataset_name: cora,citeseer,pubmed
  khop: 1
experiment:
  n_splits: 100
  n_trials: 1
model:
  attn_dropout: 0.3
  basepoint: false
  diff: false
  dropout: 0.9
  gnn_type: GSAN
  jk_type: null
  l2_reg: 0.01
  learn_embedding: false
  n_depth: 1
  n_features: 64
  n_heads: 8
  n_levels: 2
  n_post: 0
  n_pre: 0
  n_steps: 5
  norm_type: layer
opt:
  es_patience: 50
  lr_init: 0.01
  mode: min
  monitor: val_loss
  n_epochs: 1000
results:
  test:
    acc: 0.8068966269493103
    auprc: 0.8832852840423584
    auroc: 0.9658099412918091
    loss: 0.8903167843818665
  train:
    acc: 1.0
    auprc: 1.0
    auroc: 1.000000238418579
    loss: 0.3094122111797333
  val:
    acc: 0.8428572416305542
    auprc: 0.8941305875778198
    auroc: 0.9709072709083557
    loss: 0.8370442390441895
