data:
  dataset_name: cora,citeseer,pubmed
  khop: 1
experiment:
  n_splits: 100
  n_trials: 1
model:
  basepoint: false
  diff: false
  dropout: 0.9
  gnn_type: GSN
  jk_type: null
  l2_reg: 0.01
  learn_embedding: false
  n_depth: 1
  n_features: 64
  n_levels: 2
  n_post: 0
  n_pre: 0
  n_steps: 5
  norm_type: layer
opt:
  es_patience: 50
  lr_init: 0.01
  mode: min
  monitor: val_loss
  n_epochs: 1000
results:
  test:
    acc: 0.8178843855857849
    auprc: 0.8916270732879639
    auroc: 0.9686741828918457
    loss: 0.8707985877990723
  train:
    acc: 1.0
    auprc: 1.0000004768371582
    auroc: 1.0000001192092896
    loss: 0.3147527873516083
  val:
    acc: 0.7571427822113037
    auprc: 0.8265774250030518
    auroc: 0.9492900371551514
    loss: 1.0576035976409912
