data:
  dataset_name: cora,citeseer,pubmed
experiment:
  n_splits: 100
  n_trials: 1
model:
  attn_dropout: 0.3
  basepoint: false
  diff: false
  dropout: 0.9
  gnn_type: GSAN
  jk_type: null
  l2_reg: 0.01
  learn_embedding: false
  n_depth: 1
  n_features: 64
  n_heads: 8
  n_levels: 2
  n_post: 0
  n_pre: 0
  n_steps: 5
  norm_type: layer
opt:
  es_patience: 50
  lr_init: 0.01
  mode: min
  monitor: val_loss
  n_epochs: 1000
results:
  test:
    acc: 0.8074638843536377
    auprc: 0.8770069479942322
    auroc: 0.9617947340011597
    loss: 0.9472350478172302
  train:
    acc: 1.0
    auprc: 1.0000001192092896
    auroc: 1.000000238418579
    loss: 0.2592103183269501
  val:
    acc: 0.8047618865966797
    auprc: 0.8897085785865784
    auroc: 0.963352620601654
    loss: 0.9163140654563904
