data:
  dataset_name: cora,citeseer,pubmed
  khop: 1
experiment:
  n_splits: 100
  n_trials: 1
model:
  attn_dropout: 0.3
  basepoint: false
  diff: false
  dropout: 0.9
  gnn_type: GSAN
  jk_type: null
  l2_reg: 0.01
  learn_embedding: false
  n_depth: 1
  n_features: 64
  n_heads: 8
  n_levels: 2
  n_post: 0
  n_pre: 0
  n_steps: 5
  norm_type: layer
opt:
  es_patience: 50
  lr_init: 0.01
  mode: min
  monitor: val_loss
  n_epochs: 1000
results:
  test:
    acc: 0.8399558663368225
    auprc: 0.9027695655822754
    auroc: 0.9758021831512451
    loss: 0.8059393763542175
  train:
    acc: 0.9928571581840515
    auprc: 0.9999492764472961
    auroc: 0.999991774559021
    loss: 0.3280801773071289
  val:
    acc: 0.8142856359481812
    auprc: 0.8708631992340088
    auroc: 0.9623755216598511
    loss: 0.9410569667816162
