data:
  dataset_name: cora,citeseer,pubmed
  khop: 1
experiment:
  n_splits: 100
  n_trials: 1
model:
  attn_dropout: 0.3
  basepoint: false
  diff: false
  dropout: 0.9
  gnn_type: GSAN
  jk_type: null
  l2_reg: 0.01
  learn_embedding: false
  n_depth: 1
  n_features: 64
  n_heads: 8
  n_levels: 2
  n_post: 0
  n_pre: 0
  n_steps: 5
  norm_type: layer
opt:
  es_patience: 50
  lr_init: 0.01
  mode: min
  monitor: val_loss
  n_epochs: 1000
results:
  test:
    acc: 0.7893544435501099
    auprc: 0.8715299367904663
    auroc: 0.9633951187133789
    loss: 0.9283554553985596
  train:
    acc: 1.0
    auprc: 1.0000007152557373
    auroc: 1.0000003576278687
    loss: 0.2719550132751465
  val:
    acc: 0.8047618269920349
    auprc: 0.8704884052276611
    auroc: 0.9632807970046997
    loss: 0.9012577533721924
