data:
  dataset_name: cora,citeseer,pubmed
  khop: 2
experiment:
  n_splits: 100
  n_trials: 1
model:
  attn_dropout: 0.3
  basepoint: false
  diff: false
  dropout: 0.9
  gnn_type: GSAN
  jk_type: null
  l2_reg: 0.01
  learn_embedding: false
  n_depth: 1
  n_features: 64
  n_heads: 8
  n_levels: 2
  n_post: 0
  n_pre: 0
  n_steps: 5
  norm_type: layer
opt:
  es_patience: 50
  lr_init: 0.01
  mode: min
  monitor: val_loss
  n_epochs: 1000
results:
  test:
    acc: 0.778481125831604
    auprc: 0.877592921257019
    auroc: 0.9709814786911011
    loss: 0.934332013130188
  train:
    acc: 1.0
    auprc: 1.0000004768371582
    auroc: 1.0
    loss: 0.32230210304260254
  val:
    acc: 0.76666659116745
    auprc: 0.8512762784957886
    auroc: 0.9612604975700378
    loss: 1.0366270542144775
