data:
  dataset_name: cora,citeseer,pubmed
  khop: 1
experiment:
  n_splits: 100
  n_trials: 1
model:
  attn_dropout: 0.3
  basepoint: false
  diff: false
  dropout: 0.9
  gnn_type: GSAN
  jk_type: null
  l2_reg: 0.01
  learn_embedding: false
  n_depth: 1
  n_features: 64
  n_heads: 8
  n_levels: 2
  n_post: 0
  n_pre: 0
  n_steps: 5
  norm_type: layer
opt:
  es_patience: 50
  lr_init: 0.01
  mode: min
  monitor: val_loss
  n_epochs: 1000
results:
  test:
    acc: 0.8202764987945557
    auprc: 0.8991817235946655
    auroc: 0.9683118462562561
    loss: 0.8388393521308899
  train:
    acc: 0.9928572177886963
    auprc: 0.9999498724937439
    auroc: 0.9999920129776001
    loss: 0.26058098673820496
  val:
    acc: 0.8142858147621155
    auprc: 0.8811323642730713
    auroc: 0.9645239114761353
    loss: 0.8926011323928833
