data:
  dataset_name: cora,citeseer,pubmed
experiment:
  n_splits: 100
  n_trials: 1
model:
  attn_dropout: 0.3
  basepoint: false
  diff: false
  dropout: 0.9
  gnn_type: GSAN
  jk_type: null
  l2_reg: 0.01
  learn_embedding: false
  n_depth: 1
  n_features: 64
  n_heads: 8
  n_levels: 2
  n_post: 0
  n_pre: 0
  n_steps: 5
  norm_type: layer
opt:
  es_patience: 50
  lr_init: 0.01
  mode: min
  monitor: val_loss
  n_epochs: 1000
results:
  test:
    acc: 0.8312129378318787
    auprc: 0.8970881104469299
    auroc: 0.968776285648346
    loss: 0.8781815767288208
  train:
    acc: 0.9928572177886963
    auprc: 0.9999492764472961
    auroc: 0.999991774559021
    loss: 0.3120245039463043
  val:
    acc: 0.8047618269920349
    auprc: 0.8833764791488647
    auroc: 0.9647942185401917
    loss: 0.9761144518852234
