data:
  dataset_name: cora,citeseer,pubmed
  khop: 2
experiment:
  n_splits: 100
  n_trials: 1
model:
  attn_dropout: 0.3
  basepoint: false
  diff: false
  dropout: 0.9
  gnn_type: GSAN
  jk_type: null
  l2_reg: 0.01
  learn_embedding: false
  n_depth: 1
  n_features: 64
  n_heads: 8
  n_levels: 2
  n_post: 0
  n_pre: 0
  n_steps: 5
  norm_type: layer
opt:
  es_patience: 50
  lr_init: 0.01
  mode: min
  monitor: val_loss
  n_epochs: 1000
results:
  test:
    acc: 0.788461446762085
    auprc: 0.854706883430481
    auroc: 0.9563264846801758
    loss: 1.0031938552856445
  train:
    acc: 1.0
    auprc: 1.0000001192092896
    auroc: 1.0000004768371582
    loss: 0.1597835123538971
  val:
    acc: 0.7952380776405334
    auprc: 0.8589510321617126
    auroc: 0.9553331136703491
    loss: 0.9555772542953491
