data:
  dataset_name: cora,citeseer,pubmed
experiment:
  n_splits: 100
  n_trials: 1
model:
  attn_dropout: 0.3
  basepoint: false
  diff: false
  dropout: 0.9
  gnn_type: GSAN
  jk_type: null
  l2_reg: 0.01
  learn_embedding: false
  n_depth: 1
  n_features: 64
  n_heads: 8
  n_levels: 2
  n_post: 0
  n_pre: 0
  n_steps: 5
  norm_type: layer
opt:
  es_patience: 50
  lr_init: 0.01
  mode: min
  monitor: val_loss
  n_epochs: 1000
results:
  test:
    acc: 0.8159457445144653
    auprc: 0.8777127265930176
    auroc: 0.9629124999046326
    loss: 0.8919898867607117
  train:
    acc: 1.0
    auprc: 1.0000007152557373
    auroc: 1.0000005960464478
    loss: 0.22482581436634064
  val:
    acc: 0.8285713195800781
    auprc: 0.888883113861084
    auroc: 0.9693595170974731
    loss: 0.8186025023460388
