data:
  dataset_name: cora,citeseer,pubmed
  khop: 1
experiment:
  n_splits: 100
  n_trials: 1
model:
  attn_dropout: 0.3
  basepoint: false
  diff: false
  dropout: 0.9
  gnn_type: GSAN
  jk_type: null
  l2_reg: 0.01
  learn_embedding: false
  n_depth: 1
  n_features: 64
  n_heads: 8
  n_levels: 2
  n_post: 0
  n_pre: 0
  n_steps: 5
  norm_type: layer
opt:
  es_patience: 50
  lr_init: 0.01
  mode: min
  monitor: val_loss
  n_epochs: 1000
results:
  test:
    acc: 0.7999999523162842
    auprc: 0.8736321926116943
    auroc: 0.95982426404953
    loss: 0.9795636534690857
  train:
    acc: 0.9928571581840515
    auprc: 0.9969488382339478
    auroc: 0.999528169631958
    loss: 0.33047783374786377
  val:
    acc: 0.7476190328598022
    auprc: 0.8367852568626404
    auroc: 0.953407347202301
    loss: 1.1010253429412842
