data:
  dataset_name: cora,citeseer
  khop: 2
experiment:
  n_splits: 100
  n_trials: 1
model:
  basepoint: false
  diff: false
  dropout: 0.9
  gnn_type: GSN
  jk_type: null
  l2_reg: 0.01
  learn_embedding: false
  n_depth: 1
  n_features: 64
  n_levels: 2
  n_post: 0
  n_pre: 0
  n_steps: 5
  norm_type: layer
opt:
  es_patience: 50
  lr_init: 0.01
  mode: min
  monitor: val_loss
  n_epochs: 1000
results:
  test:
    acc: 0.8176470398902893
    auprc: 0.896072268486023
    auroc: 0.9706753492355347
    loss: 0.8329905271530151
  train:
    acc: 1.0
    auprc: 0.9999998807907104
    auroc: 1.0000001192092896
    loss: 0.24868656694889069
  val:
    acc: 0.8190475702285767
    auprc: 0.8809992074966431
    auroc: 0.9651626944541931
    loss: 0.8809641599655151
