data:
  dataset_name: cora,citeseer,pubmed
  khop: 1
experiment:
  n_splits: 100
  n_trials: 1
model:
  attn_dropout: 0.3
  basepoint: false
  diff: false
  dropout: 0.9
  gnn_type: GSAN
  jk_type: null
  l2_reg: 0.01
  learn_embedding: false
  n_depth: 1
  n_features: 64
  n_heads: 8
  n_levels: 2
  n_post: 0
  n_pre: 0
  n_steps: 5
  norm_type: layer
opt:
  es_patience: 50
  lr_init: 0.01
  mode: min
  monitor: val_loss
  n_epochs: 1000
results:
  test:
    acc: 0.795918345451355
    auprc: 0.8697367906570435
    auroc: 0.9596909880638123
    loss: 0.9633989930152893
  train:
    acc: 1.0
    auprc: 0.9999999403953552
    auroc: 1.0000003576278687
    loss: 0.2671844959259033
  val:
    acc: 0.776190459728241
    auprc: 0.8743484020233154
    auroc: 0.9628250598907471
    loss: 0.9601835012435913
