data:
  dataset_name: cora,citeseer,pubmed
  khop: 2
experiment:
  n_splits: 100
  n_trials: 1
model:
  attn_dropout: 0.3
  basepoint: false
  diff: false
  dropout: 0.9
  gnn_type: GSAN
  jk_type: null
  l2_reg: 0.01
  learn_embedding: false
  n_depth: 1
  n_features: 64
  n_heads: 8
  n_levels: 2
  n_post: 0
  n_pre: 0
  n_steps: 5
  norm_type: layer
opt:
  es_patience: 50
  lr_init: 0.01
  mode: min
  monitor: val_loss
  n_epochs: 1000
results:
  test:
    acc: 0.7499999403953552
    auprc: 0.8378153443336487
    auroc: 0.9562751650810242
    loss: 1.0725860595703125
  train:
    acc: 1.0
    auprc: 1.0000001192092896
    auroc: 1.000000238418579
    loss: 0.24953116476535797
  val:
    acc: 0.7714285850524902
    auprc: 0.8540811538696289
    auroc: 0.962600588798523
    loss: 0.942009687423706
