data:
  dataset_name: cora,citeseer,pubmed
  khop: 1
experiment:
  n_splits: 100
  n_trials: 1
model:
  attn_dropout: 0.3
  basepoint: false
  diff: false
  dropout: 0.9
  gnn_type: GSAN
  jk_type: null
  l2_reg: 0.01
  learn_embedding: false
  n_depth: 1
  n_features: 64
  n_heads: 8
  n_levels: 2
  n_post: 0
  n_pre: 0
  n_steps: 5
  norm_type: layer
opt:
  es_patience: 50
  lr_init: 0.01
  mode: min
  monitor: val_loss
  n_epochs: 1000
results:
  test:
    acc: 0.7993348240852356
    auprc: 0.8505254983901978
    auroc: 0.9514732956886292
    loss: 1.022862195968628
  train:
    acc: 0.9928572177886963
    auprc: 0.9999491572380066
    auroc: 0.9999918341636658
    loss: 0.19105277955532074
  val:
    acc: 0.8333332538604736
    auprc: 0.9015300273895264
    auroc: 0.9665687680244446
    loss: 0.7992883920669556
