data:
  dataset_name: cora,citeseer,pubmed
experiment:
  n_splits: 100
  n_trials: 1
model:
  attn_dropout: 0.3
  basepoint: false
  diff: false
  dropout: 0.9
  gnn_type: GSAN
  jk_type: null
  l2_reg: 0.01
  learn_embedding: false
  n_depth: 1
  n_features: 64
  n_heads: 8
  n_levels: 2
  n_post: 0
  n_pre: 0
  n_steps: 5
  norm_type: layer
opt:
  es_patience: 50
  lr_init: 0.01
  mode: min
  monitor: val_loss
  n_epochs: 1000
results:
  test:
    acc: 0.8265479207038879
    auprc: 0.8929456472396851
    auroc: 0.9633233547210693
    loss: 0.8960851430892944
  train:
    acc: 1.0
    auprc: 1.0000004768371582
    auroc: 1.0000003576278687
    loss: 0.2964205741882324
  val:
    acc: 0.8285713791847229
    auprc: 0.8916441202163696
    auroc: 0.965060830116272
    loss: 0.8856865763664246
