data:
  dataset_name: cora,citeseer,pubmed
  khop: 1
experiment:
  n_splits: 100
  n_trials: 1
model:
  basepoint: false
  diff: false
  dropout: 0.9
  gnn_type: GSN
  jk_type: null
  l2_reg: 0.01
  learn_embedding: false
  n_depth: 1
  n_features: 64
  n_levels: 2
  n_post: 0
  n_pre: 0
  n_steps: 5
  norm_type: layer
opt:
  es_patience: 50
  lr_init: 0.01
  mode: min
  monitor: val_loss
  n_epochs: 1000
results:
  test:
    acc: 0.7740863561630249
    auprc: 0.8639616966247559
    auroc: 0.9618800282478333
    loss: 0.9725825190544128
  train:
    acc: 1.0
    auprc: 0.9999999403953552
    auroc: 1.000000238418579
    loss: 0.21530190110206604
  val:
    acc: 0.8285714983940125
    auprc: 0.8840851187705994
    auroc: 0.9675400853157043
    loss: 0.8575040102005005
