data:
  dataset_name: cora,citeseer,pubmed
experiment:
  n_splits: 100
  n_trials: 1
model:
  attn_dropout: 0.3
  basepoint: false
  diff: false
  dropout: 0.9
  gnn_type: GSAN
  jk_type: null
  l2_reg: 0.01
  learn_embedding: false
  n_depth: 1
  n_features: 64
  n_heads: 8
  n_levels: 2
  n_post: 0
  n_pre: 0
  n_steps: 5
  norm_type: layer
opt:
  es_patience: 50
  lr_init: 0.01
  mode: min
  monitor: val_loss
  n_epochs: 1000
results:
  test:
    acc: 0.8384223580360413
    auprc: 0.9079786539077759
    auroc: 0.9726889729499817
    loss: 0.8083034753799438
  train:
    acc: 0.9928570985794067
    auprc: 0.9999493956565857
    auroc: 0.9999920129776001
    loss: 0.2874254882335663
  val:
    acc: 0.8142856359481812
    auprc: 0.8782162070274353
    auroc: 0.9669200778007507
    loss: 0.9159342050552368
