data:
  dataset_name: cora,citeseer,pubmed
  khop: 1
experiment:
  n_splits: 100
  n_trials: 1
model:
  basepoint: false
  diff: false
  dropout: 0.9
  gnn_type: GSN
  jk_type: null
  l2_reg: 0.01
  learn_embedding: false
  n_depth: 1
  n_features: 64
  n_levels: 2
  n_post: 0
  n_pre: 0
  n_steps: 5
  norm_type: layer
opt:
  es_patience: 50
  lr_init: 0.01
  mode: min
  monitor: val_loss
  n_epochs: 1000
results:
  test:
    acc: 0.8209945559501648
    auprc: 0.8819137811660767
    auroc: 0.9659808874130249
    loss: 0.8785423040390015
  train:
    acc: 1.0
    auprc: 1.000000238418579
    auroc: 1.000000238418579
    loss: 0.2851637303829193
  val:
    acc: 0.7999999523162842
    auprc: 0.874846339225769
    auroc: 0.9664363265037537
    loss: 0.9211167097091675
