data:
  dataset_name: cora,citeseer,pubmed
  khop: 1
experiment:
  n_splits: 100
  n_trials: 1
model:
  basepoint: false
  diff: false
  dropout: 0.9
  gnn_type: GSN
  jk_type: null
  l2_reg: 0.01
  learn_embedding: false
  n_depth: 1
  n_features: 64
  n_levels: 2
  n_post: 0
  n_pre: 0
  n_steps: 5
  norm_type: layer
opt:
  es_patience: 50
  lr_init: 0.01
  mode: min
  monitor: val_loss
  n_epochs: 1000
results:
  test:
    acc: 0.8355554342269897
    auprc: 0.8863206505775452
    auroc: 0.964421272277832
    loss: 0.8649675846099854
  train:
    acc: 1.0
    auprc: 1.0
    auroc: 1.000000238418579
    loss: 0.22848984599113464
  val:
    acc: 0.7809522151947021
    auprc: 0.8619247078895569
    auroc: 0.9507298469543457
    loss: 1.0542693138122559
