data:
  dataset_name: cora,citeseer,pubmed
experiment:
  n_splits: 100
  n_trials: 1
model:
  attn_dropout: 0.3
  basepoint: false
  diff: false
  dropout: 0.9
  gnn_type: GSAN
  jk_type: null
  l2_reg: 0.01
  learn_embedding: false
  n_depth: 1
  n_features: 64
  n_heads: 8
  n_levels: 2
  n_post: 0
  n_pre: 0
  n_steps: 5
  norm_type: layer
opt:
  es_patience: 50
  lr_init: 0.01
  mode: min
  monitor: val_loss
  n_epochs: 1000
results:
  test:
    acc: 0.8367260098457336
    auprc: 0.8978697657585144
    auroc: 0.9697785377502441
    loss: 0.8347352743148804
  train:
    acc: 0.9928572177886963
    auprc: 0.9999493360519409
    auroc: 0.9999917149543762
    loss: 0.30206623673439026
  val:
    acc: 0.8619046807289124
    auprc: 0.9351826906204224
    auroc: 0.9836887121200562
    loss: 0.6562393307685852
