data:
  dataset_name: cora,citeseer,pubmed
  khop: 1
experiment:
  n_splits: 100
  n_trials: 1
model:
  attn_dropout: 0.3
  basepoint: false
  diff: false
  dropout: 0.9
  gnn_type: GSAN
  jk_type: null
  l2_reg: 0.01
  learn_embedding: false
  n_depth: 1
  n_features: 64
  n_heads: 8
  n_levels: 2
  n_post: 0
  n_pre: 0
  n_steps: 5
  norm_type: layer
opt:
  es_patience: 50
  lr_init: 0.01
  mode: min
  monitor: val_loss
  n_epochs: 1000
results:
  test:
    acc: 0.7920354604721069
    auprc: 0.8523142337799072
    auroc: 0.9521206617355347
    loss: 0.9893029928207397
  train:
    acc: 1.0
    auprc: 1.0000003576278687
    auroc: 1.000000238418579
    loss: 0.20648768544197083
  val:
    acc: 0.7952380776405334
    auprc: 0.8212831020355225
    auroc: 0.9420279860496521
    loss: 1.0799169540405273
