data:
  dataset_name: cora,citeseer,pubmed
  khop: 1
experiment:
  n_splits: 100
  n_trials: 1
model:
  attn_dropout: 0.3
  basepoint: false
  diff: false
  dropout: 0.9
  gnn_type: GSAN
  jk_type: null
  l2_reg: 0.01
  learn_embedding: false
  n_depth: 1
  n_features: 64
  n_heads: 8
  n_levels: 2
  n_post: 0
  n_pre: 0
  n_steps: 5
  norm_type: layer
opt:
  es_patience: 50
  lr_init: 0.01
  mode: min
  monitor: val_loss
  n_epochs: 1000
results:
  test:
    acc: 0.8129898309707642
    auprc: 0.8765465617179871
    auroc: 0.9625756144523621
    loss: 0.8768908977508545
  train:
    acc: 1.0
    auprc: 0.9999998807907104
    auroc: 1.0000001192092896
    loss: 0.24067361652851105
  val:
    acc: 0.7809522747993469
    auprc: 0.8284716606140137
    auroc: 0.9447623491287231
    loss: 1.0557646751403809
