data:
  dataset_name: cora,citeseer,pubmed
experiment:
  n_splits: 100
  n_trials: 1
model:
  attn_dropout: 0.3
  basepoint: false
  diff: false
  dropout: 0.9
  gnn_type: GSAN
  jk_type: null
  l2_reg: 0.01
  learn_embedding: false
  n_depth: 1
  n_features: 64
  n_heads: 8
  n_levels: 2
  n_post: 0
  n_pre: 0
  n_steps: 5
  norm_type: layer
opt:
  es_patience: 50
  lr_init: 0.01
  mode: min
  monitor: val_loss
  n_epochs: 1000
results:
  test:
    acc: 0.8142492771148682
    auprc: 0.8793315291404724
    auroc: 0.9624183773994446
    loss: 0.8645229339599609
  train:
    acc: 1.0
    auprc: 1.0
    auroc: 1.0000003576278687
    loss: 0.19746601581573486
  val:
    acc: 0.8190476894378662
    auprc: 0.8943354487419128
    auroc: 0.9715706706047058
    loss: 0.8140015602111816
