data:
  dataset_name: cora,citeseer,pubmed
  khop: 2
experiment:
  n_splits: 100
  n_trials: 1
model:
  attn_dropout: 0.3
  basepoint: false
  diff: false
  dropout: 0.9
  gnn_type: GSAN
  jk_type: null
  l2_reg: 0.01
  learn_embedding: false
  n_depth: 1
  n_features: 64
  n_heads: 8
  n_levels: 2
  n_post: 0
  n_pre: 0
  n_steps: 5
  norm_type: layer
opt:
  es_patience: 50
  lr_init: 0.01
  mode: min
  monitor: val_loss
  n_epochs: 1000
results:
  test:
    acc: 0.7882352471351624
    auprc: 0.8533264994621277
    auroc: 0.9505971074104309
    loss: 1.0105888843536377
  train:
    acc: 1.0
    auprc: 0.9999999403953552
    auroc: 0.9999999403953552
    loss: 0.2718995213508606
  val:
    acc: 0.7809523344039917
    auprc: 0.8350071907043457
    auroc: 0.9490423798561096
    loss: 1.083933711051941
