data:
  dataset_name: cora,citeseer,pubmed
experiment:
  n_splits: 100
  n_trials: 1
model:
  attn_dropout: 0.3
  basepoint: false
  diff: false
  dropout: 0.9
  gnn_type: GSAN
  jk_type: null
  l2_reg: 0.01
  learn_embedding: false
  n_depth: 1
  n_features: 64
  n_heads: 8
  n_levels: 2
  n_post: 0
  n_pre: 0
  n_steps: 5
  norm_type: layer
opt:
  es_patience: 50
  lr_init: 0.01
  mode: min
  monitor: val_loss
  n_epochs: 1000
results:
  test:
    acc: 0.8197625875473022
    auprc: 0.8660112619400024
    auroc: 0.9536115527153015
    loss: 0.9526214599609375
  train:
    acc: 1.0
    auprc: 1.0000003576278687
    auroc: 1.0000005960464478
    loss: 0.15455670654773712
  val:
    acc: 0.8761904239654541
    auprc: 0.9303275942802429
    auroc: 0.9735851883888245
    loss: 0.6605185270309448
