data:
  dataset_name: cora,citeseer,pubmed
experiment:
  n_splits: 100
  n_trials: 1
model:
  attn_dropout: 0.3
  basepoint: false
  diff: false
  dropout: 0.9
  gnn_type: GSAN
  jk_type: null
  l2_reg: 0.01
  learn_embedding: false
  n_depth: 1
  n_features: 64
  n_heads: 8
  n_levels: 2
  n_post: 0
  n_pre: 0
  n_steps: 5
  norm_type: layer
opt:
  es_patience: 50
  lr_init: 0.01
  mode: min
  monitor: val_loss
  n_epochs: 1000
results:
  test:
    acc: 0.8329092860221863
    auprc: 0.8940538763999939
    auroc: 0.9703091979026794
    loss: 0.8266214728355408
  train:
    acc: 1.0
    auprc: 1.0000004768371582
    auroc: 1.000000238418579
    loss: 0.27586132287979126
  val:
    acc: 0.8142856955528259
    auprc: 0.8822050094604492
    auroc: 0.9663209915161133
    loss: 0.8557903170585632
