data:
  dataset_name: cora,citeseer,pubmed
  khop: 1
experiment:
  n_splits: 100
  n_trials: 1
model:
  basepoint: false
  diff: false
  dropout: 0.9
  gnn_type: GSN
  jk_type: null
  l2_reg: 0.01
  learn_embedding: false
  n_depth: 1
  n_features: 64
  n_levels: 2
  n_post: 0
  n_pre: 0
  n_steps: 5
  norm_type: layer
opt:
  es_patience: 50
  lr_init: 0.01
  mode: min
  monitor: val_loss
  n_epochs: 1000
results:
  test:
    acc: 0.8371298909187317
    auprc: 0.905866801738739
    auroc: 0.9695980548858643
    loss: 0.8132964968681335
  train:
    acc: 1.0
    auprc: 0.9999998807907104
    auroc: 1.000000238418579
    loss: 0.27444323897361755
  val:
    acc: 0.7809523344039917
    auprc: 0.8811928629875183
    auroc: 0.9702003598213196
    loss: 0.8801339864730835
