data:
  dataset_name: cora,citeseer,pubmed
  khop: 1
experiment:
  n_splits: 100
  n_trials: 1
model:
  basepoint: false
  diff: false
  dropout: 0.9
  gnn_type: GSN
  jk_type: null
  l2_reg: 0.01
  learn_embedding: false
  n_depth: 1
  n_features: 64
  n_levels: 2
  n_post: 0
  n_pre: 0
  n_steps: 5
  norm_type: layer
opt:
  es_patience: 50
  lr_init: 0.01
  mode: min
  monitor: val_loss
  n_epochs: 1000
results:
  test:
    acc: 0.8063061237335205
    auprc: 0.8689044713973999
    auroc: 0.9564969539642334
    loss: 0.9047576785087585
  train:
    acc: 1.0
    auprc: 1.000000238418579
    auroc: 1.0000005960464478
    loss: 0.17414017021656036
  val:
    acc: 0.8285713791847229
    auprc: 0.8916506171226501
    auroc: 0.9717214703559875
    loss: 0.7813209295272827
