data:
  dataset_name: cora,citeseer,pubmed
experiment:
  n_splits: 100
  n_trials: 1
model:
  attn_dropout: 0.3
  basepoint: false
  diff: false
  dropout: 0.9
  gnn_type: GSAN
  jk_type: null
  l2_reg: 0.01
  learn_embedding: false
  n_depth: 1
  n_features: 64
  n_heads: 8
  n_levels: 2
  n_post: 0
  n_pre: 0
  n_steps: 5
  norm_type: layer
opt:
  es_patience: 50
  lr_init: 0.01
  mode: min
  monitor: val_loss
  n_epochs: 1000
results:
  test:
    acc: 0.8074640035629272
    auprc: 0.8776141405105591
    auroc: 0.9621253609657288
    loss: 0.9244074821472168
  train:
    acc: 0.9928572773933411
    auprc: 0.9999493360519409
    auroc: 0.999991774559021
    loss: 0.2596413493156433
  val:
    acc: 0.8142857551574707
    auprc: 0.8679739236831665
    auroc: 0.956755518913269
    loss: 0.9549261927604675
