data:
  dataset_name: cora,citeseer,pubmed
experiment:
  n_splits: 100
  n_trials: 1
model:
  attn_dropout: 0.3
  basepoint: false
  diff: false
  dropout: 0.9
  gnn_type: GSAN
  jk_type: null
  l2_reg: 0.01
  learn_embedding: false
  n_depth: 1
  n_features: 64
  n_heads: 8
  n_levels: 2
  n_post: 0
  n_pre: 0
  n_steps: 5
  norm_type: layer
opt:
  es_patience: 50
  lr_init: 0.01
  mode: min
  monitor: val_loss
  n_epochs: 1000
results:
  test:
    acc: 0.827396035194397
    auprc: 0.8779889345169067
    auroc: 0.9571231007575989
    loss: 0.9226837158203125
  train:
    acc: 1.0
    auprc: 1.0000001192092896
    auroc: 1.0000004768371582
    loss: 0.18257924914360046
  val:
    acc: 0.8619046807289124
    auprc: 0.9063166379928589
    auroc: 0.9711532592773438
    loss: 0.739258885383606
