data:
  dataset_name: cora,citeseer,pubmed
experiment:
  n_splits: 100
  n_trials: 1
model:
  attn_dropout: 0.3
  basepoint: false
  diff: false
  dropout: 0.9
  gnn_type: GSAN
  jk_type: null
  l2_reg: 0.01
  learn_embedding: false
  n_depth: 1
  n_features: 64
  n_heads: 8
  n_levels: 2
  n_post: 0
  n_pre: 0
  n_steps: 5
  norm_type: layer
opt:
  es_patience: 50
  lr_init: 0.01
  mode: min
  monitor: val_loss
  n_epochs: 1000
results:
  test:
    acc: 0.8184902667999268
    auprc: 0.867090106010437
    auroc: 0.9520983695983887
    loss: 0.9558413624763489
  train:
    acc: 1.0
    auprc: 1.000000238418579
    auroc: 1.0000007152557373
    loss: 0.14574319124221802
  val:
    acc: 0.8428571224212646
    auprc: 0.8965803980827332
    auroc: 0.9659019708633423
    loss: 0.7502315044403076
