data:
  dataset_name: cora,citeseer,pubmed
experiment:
  n_splits: 100
  n_trials: 1
model:
  attn_dropout: 0.3
  basepoint: false
  diff: false
  dropout: 0.9
  gnn_type: GSAN
  jk_type: null
  l2_reg: 0.01
  learn_embedding: false
  n_depth: 1
  n_features: 64
  n_heads: 8
  n_levels: 2
  n_post: 0
  n_pre: 0
  n_steps: 5
  norm_type: layer
opt:
  es_patience: 50
  lr_init: 0.01
  mode: min
  monitor: val_loss
  n_epochs: 1000
results:
  test:
    acc: 0.8363018035888672
    auprc: 0.8966244459152222
    auroc: 0.9685786962509155
    loss: 0.8592125177383423
  train:
    acc: 0.9928572177886963
    auprc: 0.9999492764472961
    auroc: 0.9999920129776001
    loss: 0.2961116433143616
  val:
    acc: 0.8190476298332214
    auprc: 0.8808799982070923
    auroc: 0.95945805311203
    loss: 0.9398155212402344
