data:
  dataset_name: cora,citeseer,pubmed
  khop: 1
experiment:
  n_splits: 100
  n_trials: 1
model:
  attn_dropout: 0.3
  basepoint: false
  diff: false
  dropout: 0.9
  gnn_type: GSAN
  jk_type: null
  l2_reg: 0.01
  learn_embedding: false
  n_depth: 1
  n_features: 64
  n_heads: 8
  n_levels: 2
  n_post: 0
  n_pre: 0
  n_steps: 5
  norm_type: layer
opt:
  es_patience: 50
  lr_init: 0.01
  mode: min
  monitor: val_loss
  n_epochs: 1000
results:
  test:
    acc: 0.8108407258987427
    auprc: 0.8733311891555786
    auroc: 0.9578008651733398
    loss: 0.9324207305908203
  train:
    acc: 1.0
    auprc: 1.000000238418579
    auroc: 1.0000003576278687
    loss: 0.22565406560897827
  val:
    acc: 0.776190459728241
    auprc: 0.8407829999923706
    auroc: 0.9468446373939514
    loss: 1.1014286279678345
