data:
  dataset_name: cora,citeseer,pubmed
experiment:
  n_splits: 100
  n_trials: 1
model:
  attn_dropout: 0.3
  basepoint: false
  diff: false
  dropout: 0.9
  gnn_type: GSAN
  jk_type: null
  l2_reg: 0.01
  learn_embedding: false
  n_depth: 1
  n_features: 64
  n_heads: 8
  n_levels: 2
  n_post: 0
  n_pre: 0
  n_steps: 5
  norm_type: layer
opt:
  es_patience: 50
  lr_init: 0.01
  mode: min
  monitor: val_loss
  n_epochs: 1000
results:
  test:
    acc: 0.8316370248794556
    auprc: 0.8884711265563965
    auroc: 0.9683361053466797
    loss: 0.8821370601654053
  train:
    acc: 0.992857038974762
    auprc: 0.9999496340751648
    auroc: 0.999991774559021
    loss: 0.3067844808101654
  val:
    acc: 0.8238095045089722
    auprc: 0.8883461356163025
    auroc: 0.9681596159934998
    loss: 0.9248998165130615
