data:
  dataset_name: cora,citeseer
  khop: 2
experiment:
  n_splits: 100
  n_trials: 1
model:
  basepoint: false
  diff: false
  dropout: 0.9
  gnn_type: GSN
  jk_type: null
  l2_reg: 0.01
  learn_embedding: false
  n_depth: 1
  n_features: 64
  n_levels: 2
  n_post: 0
  n_pre: 0
  n_steps: 5
  norm_type: layer
opt:
  es_patience: 50
  lr_init: 0.01
  mode: min
  monitor: val_loss
  n_epochs: 1000
results:
  test:
    acc: 0.8355262279510498
    auprc: 0.8833125829696655
    auroc: 0.9575106501579285
    loss: 0.8543655276298523
  train:
    acc: 1.0
    auprc: 1.0000001192092896
    auroc: 1.0000005960464478
    loss: 0.17189422249794006
  val:
    acc: 0.7809523344039917
    auprc: 0.8566761016845703
    auroc: 0.9542028903961182
    loss: 0.9364140629768372
