data:
  dataset_name: cora,citeseer,pubmed
experiment:
  n_splits: 100
  n_trials: 1
model:
  attn_dropout: 0.3
  basepoint: false
  diff: false
  dropout: 0.9
  gnn_type: GSAN
  jk_type: null
  l2_reg: 0.01
  learn_embedding: false
  n_depth: 1
  n_features: 64
  n_heads: 8
  n_levels: 2
  n_post: 0
  n_pre: 0
  n_steps: 5
  norm_type: layer
opt:
  es_patience: 50
  lr_init: 0.01
  mode: min
  monitor: val_loss
  n_epochs: 1000
results:
  test:
    acc: 0.8142493367195129
    auprc: 0.8535448312759399
    auroc: 0.9509268999099731
    loss: 0.9641017913818359
  train:
    acc: 1.0
    auprc: 1.000000238418579
    auroc: 1.0000005960464478
    loss: 0.11986202746629715
  val:
    acc: 0.8714286088943481
    auprc: 0.9233417510986328
    auroc: 0.9766011834144592
    loss: 0.6458120942115784
