data:
  dataset_name: cora,citeseer
  khop: 2
experiment:
  n_splits: 100
  n_trials: 1
model:
  basepoint: false
  diff: false
  dropout: 0.9
  gnn_type: GSN
  jk_type: null
  l2_reg: 0.01
  learn_embedding: false
  n_depth: 1
  n_features: 64
  n_levels: 2
  n_post: 0
  n_pre: 0
  n_steps: 5
  norm_type: layer
opt:
  es_patience: 50
  lr_init: 0.01
  mode: min
  monitor: val_loss
  n_epochs: 1000
results:
  test:
    acc: 0.8095238208770752
    auprc: 0.8435548543930054
    auroc: 0.9508160352706909
    loss: 0.995563268661499
  train:
    acc: 1.0
    auprc: 1.0000001192092896
    auroc: 1.0000003576278687
    loss: 0.2617770731449127
  val:
    acc: 0.7809524536132812
    auprc: 0.8368608355522156
    auroc: 0.9449532628059387
    loss: 1.0743532180786133
