data:
  dataset_name: cora,citeseer,pubmed
  khop: 1
experiment:
  n_splits: 100
  n_trials: 1
model:
  basepoint: false
  diff: false
  dropout: 0.9
  gnn_type: GSN
  jk_type: null
  l2_reg: 0.01
  learn_embedding: false
  n_depth: 1
  n_features: 64
  n_levels: 2
  n_post: 0
  n_pre: 0
  n_steps: 5
  norm_type: layer
opt:
  es_patience: 50
  lr_init: 0.01
  mode: min
  monitor: val_loss
  n_epochs: 1000
results:
  test:
    acc: 0.8178731799125671
    auprc: 0.8963390588760376
    auroc: 0.9674069285392761
    loss: 0.7923714518547058
  train:
    acc: 1.0
    auprc: 1.000000238418579
    auroc: 1.0000007152557373
    loss: 0.13087065517902374
  val:
    acc: 0.8380951881408691
    auprc: 0.8899320363998413
    auroc: 0.9635152220726013
    loss: 0.7711833715438843
