data:
  dataset_name: cora,citeseer,pubmed
  khop: 1
experiment:
  n_splits: 100
  n_trials: 1
model:
  attn_dropout: 0.3
  basepoint: false
  diff: false
  dropout: 0.9
  gnn_type: GSAN
  jk_type: null
  l2_reg: 0.01
  learn_embedding: false
  n_depth: 1
  n_features: 64
  n_heads: 8
  n_levels: 2
  n_post: 0
  n_pre: 0
  n_steps: 5
  norm_type: layer
opt:
  es_patience: 50
  lr_init: 0.01
  mode: min
  monitor: val_loss
  n_epochs: 1000
results:
  test:
    acc: 0.7944444417953491
    auprc: 0.8609131574630737
    auroc: 0.9581167101860046
    loss: 0.9961780309677124
  train:
    acc: 0.9928571581840515
    auprc: 0.9998993277549744
    auroc: 0.9999834895133972
    loss: 0.3437006175518036
  val:
    acc: 0.8238095641136169
    auprc: 0.8759680986404419
    auroc: 0.9589855670928955
    loss: 0.9768542647361755
