data:
  dataset_name: cora,citeseer,pubmed
  khop: 2
experiment:
  n_splits: 100
  n_trials: 1
model:
  attn_dropout: 0.3
  basepoint: false
  diff: false
  dropout: 0.9
  gnn_type: GSAN
  jk_type: null
  l2_reg: 0.01
  learn_embedding: false
  n_depth: 1
  n_features: 64
  n_heads: 8
  n_levels: 2
  n_post: 0
  n_pre: 0
  n_steps: 5
  norm_type: layer
opt:
  es_patience: 50
  lr_init: 0.01
  mode: min
  monitor: val_loss
  n_epochs: 1000
results:
  test:
    acc: 0.7564103603363037
    auprc: 0.8458878993988037
    auroc: 0.955573558807373
    loss: 0.9825932383537292
  train:
    acc: 1.0
    auprc: 1.0000003576278687
    auroc: 1.0000005960464478
    loss: 0.16230973601341248
  val:
    acc: 0.8380953669548035
    auprc: 0.9090099334716797
    auroc: 0.975956380367279
    loss: 0.7672320008277893
