data:
  dataset_name: cora,citeseer,pubmed
  khop: 1
experiment:
  n_splits: 100
  n_trials: 1
model:
  attn_dropout: 0.3
  basepoint: false
  diff: false
  dropout: 0.9
  gnn_type: GSAN
  jk_type: null
  l2_reg: 0.01
  learn_embedding: false
  n_depth: 1
  n_features: 64
  n_heads: 8
  n_levels: 2
  n_post: 0
  n_pre: 0
  n_steps: 5
  norm_type: layer
opt:
  es_patience: 50
  lr_init: 0.01
  mode: min
  monitor: val_loss
  n_epochs: 1000
results:
  test:
    acc: 0.7810055613517761
    auprc: 0.8643128871917725
    auroc: 0.9551528692245483
    loss: 0.9985267519950867
  train:
    acc: 1.0
    auprc: 1.0000007152557373
    auroc: 1.0000005960464478
    loss: 0.24105127155780792
  val:
    acc: 0.8380953073501587
    auprc: 0.9009085297584534
    auroc: 0.9656028151512146
    loss: 0.869982123374939
