data:
  dataset_name: cora,citeseer,pubmed
experiment:
  n_splits: 100
  n_trials: 1
model:
  attn_dropout: 0.3
  basepoint: false
  diff: false
  dropout: 0.9
  gnn_type: GSAN
  jk_type: null
  l2_reg: 0.01
  learn_embedding: false
  n_depth: 1
  n_features: 64
  n_heads: 8
  n_levels: 2
  n_post: 0
  n_pre: 0
  n_steps: 5
  norm_type: layer
opt:
  es_patience: 50
  lr_init: 0.01
  mode: min
  monitor: val_loss
  n_epochs: 1000
results:
  test:
    acc: 0.8061916828155518
    auprc: 0.8795456886291504
    auroc: 0.962976336479187
    loss: 0.8690473437309265
  train:
    acc: 0.9928571581840515
    auprc: 0.9998984336853027
    auroc: 0.9999834299087524
    loss: 0.19447731971740723
  val:
    acc: 0.8238094449043274
    auprc: 0.9010701775550842
    auroc: 0.9683186411857605
    loss: 0.8107620477676392
