data:
  dataset_name: cora,citeseer,pubmed
  khop: 1
experiment:
  n_splits: 100
  n_trials: 1
model:
  attn_dropout: 0.3
  basepoint: false
  diff: false
  dropout: 0.9
  gnn_type: GSAN
  jk_type: null
  l2_reg: 0.01
  learn_embedding: false
  n_depth: 1
  n_features: 64
  n_heads: 8
  n_levels: 2
  n_post: 0
  n_pre: 0
  n_steps: 5
  norm_type: layer
opt:
  es_patience: 50
  lr_init: 0.01
  mode: min
  monitor: val_loss
  n_epochs: 1000
results:
  test:
    acc: 0.7938845157623291
    auprc: 0.8627331852912903
    auroc: 0.9613532423973083
    loss: 0.9615031480789185
  train:
    acc: 1.0
    auprc: 1.0000004768371582
    auroc: 1.0000003576278687
    loss: 0.25816354155540466
  val:
    acc: 0.7571427226066589
    auprc: 0.8018423318862915
    auroc: 0.9406429529190063
    loss: 1.1503009796142578
