data:
  dataset_name: cora,citeseer,pubmed
  khop: 1
experiment:
  n_splits: 100
  n_trials: 1
model:
  basepoint: false
  diff: false
  dropout: 0.9
  gnn_type: GSN
  jk_type: null
  l2_reg: 0.01
  learn_embedding: false
  n_depth: 1
  n_features: 64
  n_levels: 2
  n_post: 0
  n_pre: 0
  n_steps: 5
  norm_type: layer
opt:
  es_patience: 50
  lr_init: 0.01
  mode: min
  monitor: val_loss
  n_epochs: 1000
results:
  test:
    acc: 0.7975528836250305
    auprc: 0.8548871278762817
    auroc: 0.9445753693580627
    loss: 1.0089720487594604
  train:
    acc: 1.0
    auprc: 1.000000238418579
    auroc: 1.0000007152557373
    loss: 0.1173003762960434
  val:
    acc: 0.8333333134651184
    auprc: 0.9007253050804138
    auroc: 0.9620885848999023
    loss: 0.7610254287719727
