data:
  dataset_name: cora,citeseer,pubmed
  khop: 2
experiment:
  n_splits: 100
  n_trials: 1
model:
  attn_dropout: 0.3
  basepoint: false
  diff: false
  dropout: 0.9
  gnn_type: GSAN
  jk_type: null
  l2_reg: 0.01
  learn_embedding: false
  n_depth: 1
  n_features: 64
  n_heads: 8
  n_levels: 2
  n_post: 0
  n_pre: 0
  n_steps: 5
  norm_type: layer
opt:
  es_patience: 50
  lr_init: 0.01
  mode: min
  monitor: val_loss
  n_epochs: 1000
results:
  test:
    acc: 0.7971014976501465
    auprc: 0.8735069036483765
    auroc: 0.9607969522476196
    loss: 0.8162657618522644
  train:
    acc: 1.0
    auprc: 0.9999999403953552
    auroc: 1.0000003576278687
    loss: 0.177097886800766
  val:
    acc: 0.8047618865966797
    auprc: 0.8862063884735107
    auroc: 0.9572055339813232
    loss: 0.8984292149543762
