data:
  dataset_name: cora,citeseer,pubmed
experiment:
  n_splits: 100
  n_trials: 1
model:
  attn_dropout: 0.3
  basepoint: false
  diff: false
  dropout: 0.9
  gnn_type: GSAN
  jk_type: null
  l2_reg: 0.01
  learn_embedding: false
  n_depth: 1
  n_features: 64
  n_heads: 8
  n_levels: 2
  n_post: 0
  n_pre: 0
  n_steps: 5
  norm_type: layer
opt:
  es_patience: 50
  lr_init: 0.01
  mode: min
  monitor: val_loss
  n_epochs: 1000
results:
  test:
    acc: 0.827396035194397
    auprc: 0.8694814443588257
    auroc: 0.9542002081871033
    loss: 0.9245826601982117
  train:
    acc: 1.0
    auprc: 1.0
    auroc: 1.0000005960464478
    loss: 0.1733761727809906
  val:
    acc: 0.8476189970970154
    auprc: 0.8837754726409912
    auroc: 0.9599190950393677
    loss: 0.8063974976539612
