data:
  dataset_name: cora,citeseer,pubmed
  khop: 1
experiment:
  n_splits: 100
  n_trials: 1
model:
  basepoint: false
  diff: false
  dropout: 0.9
  gnn_type: GSN
  jk_type: null
  l2_reg: 0.01
  learn_embedding: false
  n_depth: 1
  n_features: 64
  n_levels: 2
  n_post: 0
  n_pre: 0
  n_steps: 5
  norm_type: layer
opt:
  es_patience: 50
  lr_init: 0.01
  mode: min
  monitor: val_loss
  n_epochs: 1000
results:
  test:
    acc: 0.8130081295967102
    auprc: 0.8878000378608704
    auroc: 0.9652729034423828
    loss: 0.8611897230148315
  train:
    acc: 1.0
    auprc: 1.0
    auroc: 1.000000238418579
    loss: 0.22661949694156647
  val:
    acc: 0.8285713791847229
    auprc: 0.8867563605308533
    auroc: 0.966007649898529
    loss: 0.8356198072433472
