data:
  dataset_name: cora,citeseer,pubmed
  khop: 1
experiment:
  n_splits: 100
  n_trials: 1
model:
  attn_dropout: 0.3
  basepoint: false
  diff: false
  dropout: 0.9
  gnn_type: GSAN
  jk_type: null
  l2_reg: 0.01
  learn_embedding: false
  n_depth: 1
  n_features: 64
  n_heads: 8
  n_levels: 2
  n_post: 0
  n_pre: 0
  n_steps: 5
  norm_type: layer
opt:
  es_patience: 50
  lr_init: 0.01
  mode: min
  monitor: val_loss
  n_epochs: 1000
results:
  test:
    acc: 0.8203125
    auprc: 0.8876957893371582
    auroc: 0.9687801599502563
    loss: 0.8710792064666748
  train:
    acc: 1.0
    auprc: 1.000000238418579
    auroc: 1.0000005960464478
    loss: 0.29225480556488037
  val:
    acc: 0.8476190567016602
    auprc: 0.8906700015068054
    auroc: 0.9729860424995422
    loss: 0.820726752281189
