data:
  dataset_name: cora,citeseer,pubmed
  khop: 1
experiment:
  n_splits: 100
  n_trials: 1
model:
  attn_dropout: 0.3
  basepoint: false
  diff: false
  dropout: 0.9
  gnn_type: GSAN
  jk_type: null
  l2_reg: 0.01
  learn_embedding: false
  n_depth: 1
  n_features: 64
  n_heads: 8
  n_levels: 2
  n_post: 0
  n_pre: 0
  n_steps: 5
  norm_type: layer
opt:
  es_patience: 50
  lr_init: 0.01
  mode: min
  monitor: val_loss
  n_epochs: 1000
results:
  test:
    acc: 0.8100114464759827
    auprc: 0.8730072975158691
    auroc: 0.9638863205909729
    loss: 0.9187541604042053
  train:
    acc: 0.9928570985794067
    auprc: 0.9999492764472961
    auroc: 0.9999918341636658
    loss: 0.27914929389953613
  val:
    acc: 0.8428570628166199
    auprc: 0.8899447917938232
    auroc: 0.9691632390022278
    loss: 0.8693292140960693
