data:
  dataset_name: cora,citeseer,pubmed
  khop: 2
experiment:
  n_splits: 100
  n_trials: 1
model:
  attn_dropout: 0.3
  basepoint: false
  diff: false
  dropout: 0.9
  gnn_type: GSAN
  jk_type: null
  l2_reg: 0.01
  learn_embedding: false
  n_depth: 1
  n_features: 64
  n_heads: 8
  n_levels: 2
  n_post: 0
  n_pre: 0
  n_steps: 5
  norm_type: layer
opt:
  es_patience: 50
  lr_init: 0.01
  mode: min
  monitor: val_loss
  n_epochs: 1000
results:
  test:
    acc: 0.7757574915885925
    auprc: 0.8286401033401489
    auroc: 0.9430328607559204
    loss: 1.0004059076309204
  train:
    acc: 1.0
    auprc: 1.0
    auroc: 1.0000003576278687
    loss: 0.2165495604276657
  val:
    acc: 0.8285714387893677
    auprc: 0.8948813080787659
    auroc: 0.9701328277587891
    loss: 0.7963129878044128
