data:
  dataset_name: cora,citeseer,pubmed
  khop: 2
experiment:
  n_splits: 100
  n_trials: 1
model:
  attn_dropout: 0.3
  basepoint: false
  diff: false
  dropout: 0.9
  gnn_type: GSAN
  jk_type: null
  l2_reg: 0.01
  learn_embedding: false
  n_depth: 1
  n_features: 64
  n_heads: 8
  n_levels: 2
  n_post: 0
  n_pre: 0
  n_steps: 5
  norm_type: layer
opt:
  es_patience: 50
  lr_init: 0.01
  mode: min
  monitor: val_loss
  n_epochs: 1000
results:
  test:
    acc: 0.7701863646507263
    auprc: 0.8436129093170166
    auroc: 0.9499083757400513
    loss: 1.0826969146728516
  train:
    acc: 1.0
    auprc: 0.9999998807907104
    auroc: 1.0
    loss: 0.3109528422355652
  val:
    acc: 0.7666666507720947
    auprc: 0.8648773431777954
    auroc: 0.9611675143241882
    loss: 1.0196506977081299
