data:
  dataset_name: cora,citeseer,pubmed
experiment:
  n_splits: 100
  n_trials: 1
model:
  attn_dropout: 0.3
  basepoint: false
  diff: false
  dropout: 0.9
  gnn_type: GSAN
  jk_type: null
  l2_reg: 0.01
  learn_embedding: false
  n_depth: 1
  n_features: 64
  n_heads: 8
  n_levels: 2
  n_post: 0
  n_pre: 0
  n_steps: 5
  norm_type: layer
opt:
  es_patience: 50
  lr_init: 0.01
  mode: min
  monitor: val_loss
  n_epochs: 1000
results:
  test:
    acc: 0.8354537487030029
    auprc: 0.8878451585769653
    auroc: 0.9654110074043274
    loss: 0.8331576585769653
  train:
    acc: 1.0
    auprc: 1.000000238418579
    auroc: 1.0000004768371582
    loss: 0.1959250420331955
  val:
    acc: 0.8190476894378662
    auprc: 0.891531765460968
    auroc: 0.966037392616272
    loss: 0.8277287483215332
