data:
  dataset_name: cora,citeseer,pubmed
experiment:
  n_splits: 100
  n_trials: 1
model:
  attn_dropout: 0.3
  basepoint: false
  diff: false
  dropout: 0.9
  gnn_type: GSAN
  jk_type: null
  l2_reg: 0.01
  learn_embedding: false
  n_depth: 1
  n_features: 64
  n_heads: 8
  n_levels: 2
  n_post: 0
  n_pre: 0
  n_steps: 5
  norm_type: layer
opt:
  es_patience: 50
  lr_init: 0.01
  mode: min
  monitor: val_loss
  n_epochs: 1000
results:
  test:
    acc: 0.8176419734954834
    auprc: 0.8790503740310669
    auroc: 0.9576424360275269
    loss: 0.8979659676551819
  train:
    acc: 0.9928572177886963
    auprc: 0.9999496936798096
    auroc: 0.9999920129776001
    loss: 0.15458561480045319
  val:
    acc: 0.8428571224212646
    auprc: 0.8787795305252075
    auroc: 0.9628631472587585
    loss: 0.8544719219207764
