data:
  dataset_name: cora,citeseer,pubmed
experiment:
  n_splits: 100
  n_trials: 1
model:
  attn_dropout: 0.3
  basepoint: false
  diff: false
  dropout: 0.9
  gnn_type: GSAN
  jk_type: null
  l2_reg: 0.01
  learn_embedding: false
  n_depth: 1
  n_features: 64
  n_heads: 8
  n_levels: 2
  n_post: 0
  n_pre: 0
  n_steps: 5
  norm_type: layer
opt:
  es_patience: 50
  lr_init: 0.01
  mode: min
  monitor: val_loss
  n_epochs: 1000
results:
  test:
    acc: 0.8269718289375305
    auprc: 0.8939211964607239
    auroc: 0.9689790606498718
    loss: 0.886496901512146
  train:
    acc: 1.0
    auprc: 1.0000003576278687
    auroc: 1.0000003576278687
    loss: 0.3239609897136688
  val:
    acc: 0.7999999523162842
    auprc: 0.8688169121742249
    auroc: 0.9630972146987915
    loss: 0.949137806892395
