data:
  dataset_name: cora,citeseer
  khop: 2
experiment:
  n_splits: 100
  n_trials: 1
model:
  basepoint: false
  diff: false
  dropout: 0.9
  gnn_type: GSN
  jk_type: null
  l2_reg: 0.01
  learn_embedding: false
  n_depth: 1
  n_features: 64
  n_levels: 2
  n_post: 0
  n_pre: 0
  n_steps: 5
  norm_type: layer
opt:
  es_patience: 50
  lr_init: 0.01
  mode: min
  monitor: val_loss
  n_epochs: 1000
results:
  test:
    acc: 0.7820512652397156
    auprc: 0.8646246790885925
    auroc: 0.9648977518081665
    loss: 0.9048720002174377
  train:
    acc: 1.0
    auprc: 0.9999998807907104
    auroc: 1.0
    loss: 0.23351766169071198
  val:
    acc: 0.800000011920929
    auprc: 0.8682874441146851
    auroc: 0.9607486724853516
    loss: 0.9122891426086426
