data:
  dataset_name: cora,citeseer,pubmed
  khop: 1
experiment:
  n_splits: 100
  n_trials: 1
model:
  attn_dropout: 0.3
  basepoint: false
  diff: false
  dropout: 0.9
  gnn_type: GSAN
  jk_type: null
  l2_reg: 0.01
  learn_embedding: false
  n_depth: 1
  n_features: 64
  n_heads: 8
  n_levels: 2
  n_post: 0
  n_pre: 0
  n_steps: 5
  norm_type: layer
opt:
  es_patience: 50
  lr_init: 0.01
  mode: min
  monitor: val_loss
  n_epochs: 1000
results:
  test:
    acc: 0.7707641124725342
    auprc: 0.8536087274551392
    auroc: 0.9573407173156738
    loss: 1.0345667600631714
  train:
    acc: 1.0
    auprc: 1.000000238418579
    auroc: 1.0000003576278687
    loss: 0.26024171710014343
  val:
    acc: 0.8238096237182617
    auprc: 0.8700644969940186
    auroc: 0.9583730697631836
    loss: 0.9164078235626221
