data:
  dataset_name: cora,citeseer,pubmed
  khop: 2
experiment:
  n_splits: 100
  n_trials: 1
model:
  attn_dropout: 0.3
  basepoint: false
  diff: false
  dropout: 0.9
  gnn_type: GSAN
  jk_type: null
  l2_reg: 0.01
  learn_embedding: false
  n_depth: 1
  n_features: 64
  n_heads: 8
  n_levels: 2
  n_post: 0
  n_pre: 0
  n_steps: 5
  norm_type: layer
opt:
  es_patience: 50
  lr_init: 0.01
  mode: min
  monitor: val_loss
  n_epochs: 1000
results:
  test:
    acc: 0.754601240158081
    auprc: 0.8380327820777893
    auroc: 0.9519588351249695
    loss: 1.0484942197799683
  train:
    acc: 1.0
    auprc: 1.000000238418579
    auroc: 1.0000004768371582
    loss: 0.25471368432044983
  val:
    acc: 0.7809523344039917
    auprc: 0.8440738916397095
    auroc: 0.9558335542678833
    loss: 1.0141627788543701
