data:
  dataset_name: cora,citeseer,pubmed
  khop: 1
experiment:
  n_splits: 100
  n_trials: 1
model:
  attn_dropout: 0.3
  basepoint: false
  diff: false
  dropout: 0.9
  gnn_type: GSAN
  jk_type: null
  l2_reg: 0.01
  learn_embedding: false
  n_depth: 1
  n_features: 64
  n_heads: 8
  n_levels: 2
  n_post: 0
  n_pre: 0
  n_steps: 5
  norm_type: layer
opt:
  es_patience: 50
  lr_init: 0.01
  mode: min
  monitor: val_loss
  n_epochs: 1000
results:
  test:
    acc: 0.8159645199775696
    auprc: 0.8816655278205872
    auroc: 0.9634592533111572
    loss: 0.877112627029419
  train:
    acc: 0.9928571581840515
    auprc: 0.9999491572380066
    auroc: 0.9999918341636658
    loss: 0.2180928736925125
  val:
    acc: 0.7952380180358887
    auprc: 0.8509186506271362
    auroc: 0.9587135314941406
    loss: 0.9942030310630798
