data:
  dataset_name: cora,citeseer,pubmed
experiment:
  n_splits: 100
  n_trials: 1
model:
  attn_dropout: 0.3
  basepoint: false
  diff: false
  dropout: 0.9
  gnn_type: GSAN
  jk_type: null
  l2_reg: 0.01
  learn_embedding: false
  n_depth: 1
  n_features: 64
  n_heads: 8
  n_levels: 2
  n_post: 0
  n_pre: 0
  n_steps: 5
  norm_type: layer
opt:
  es_patience: 50
  lr_init: 0.01
  mode: min
  monitor: val_loss
  n_epochs: 1000
results:
  test:
    acc: 0.8214588165283203
    auprc: 0.8978519439697266
    auroc: 0.9689797163009644
    loss: 0.8288795948028564
  train:
    acc: 0.9928572177886963
    auprc: 0.9999491572380066
    auroc: 0.9999914765357971
    loss: 0.24726802110671997
  val:
    acc: 0.8333332538604736
    auprc: 0.9270108342170715
    auroc: 0.9790082573890686
    loss: 0.7473340034484863
