data:
  dataset_name: cora,citeseer,pubmed
  khop: 1
experiment:
  n_splits: 100
  n_trials: 1
model:
  attn_dropout: 0.3
  basepoint: false
  diff: false
  dropout: 0.9
  gnn_type: GSAN
  jk_type: null
  l2_reg: 0.01
  learn_embedding: false
  n_depth: 1
  n_features: 64
  n_heads: 8
  n_levels: 2
  n_post: 0
  n_pre: 0
  n_steps: 5
  norm_type: layer
opt:
  es_patience: 50
  lr_init: 0.01
  mode: min
  monitor: val_loss
  n_epochs: 1000
results:
  test:
    acc: 0.8171806931495667
    auprc: 0.8869223594665527
    auroc: 0.9681918621063232
    loss: 0.8951038122177124
  train:
    acc: 1.0
    auprc: 0.9999998807907104
    auroc: 0.9999998807907104
    loss: 0.32145923376083374
  val:
    acc: 0.738095223903656
    auprc: 0.8431196212768555
    auroc: 0.951001763343811
    loss: 1.0579830408096313
