data:
  dataset_name: cora,citeseer,pubmed
  khop: 1
experiment:
  n_splits: 100
  n_trials: 1
model:
  attn_dropout: 0.3
  basepoint: false
  diff: false
  dropout: 0.9
  gnn_type: GSAN
  jk_type: null
  l2_reg: 0.01
  learn_embedding: false
  n_depth: 1
  n_features: 64
  n_heads: 8
  n_levels: 2
  n_post: 0
  n_pre: 0
  n_steps: 5
  norm_type: layer
opt:
  es_patience: 50
  lr_init: 0.01
  mode: min
  monitor: val_loss
  n_epochs: 1000
results:
  test:
    acc: 0.8093644380569458
    auprc: 0.8799738883972168
    auroc: 0.965362012386322
    loss: 0.9489568471908569
  train:
    acc: 1.0
    auprc: 1.0000003576278687
    auroc: 1.000000238418579
    loss: 0.32296159863471985
  val:
    acc: 0.7857142090797424
    auprc: 0.8618487119674683
    auroc: 0.9625871181488037
    loss: 0.9942119121551514
