data:
  dataset_name: cora,citeseer
  khop: 2
experiment:
  n_splits: 100
  n_trials: 1
model:
  basepoint: false
  diff: false
  dropout: 0.9
  gnn_type: GSN
  jk_type: null
  l2_reg: 0.01
  learn_embedding: false
  n_depth: 1
  n_features: 64
  n_levels: 2
  n_post: 0
  n_pre: 0
  n_steps: 5
  norm_type: layer
opt:
  es_patience: 50
  lr_init: 0.01
  mode: min
  monitor: val_loss
  n_epochs: 1000
results:
  test:
    acc: 0.8536585569381714
    auprc: 0.9416170716285706
    auroc: 0.9824101328849792
    loss: 0.6412931084632874
  train:
    acc: 1.0
    auprc: 1.0000001192092896
    auroc: 1.0000004768371582
    loss: 0.22948874533176422
  val:
    acc: 0.7952380776405334
    auprc: 0.859467625617981
    auroc: 0.9575061202049255
    loss: 0.9636098742485046
