data:
  dataset_name: cora,citeseer
  khop: 2
experiment:
  n_splits: 100
  n_trials: 1
model:
  basepoint: false
  diff: false
  dropout: 0.9
  gnn_type: GSN
  jk_type: null
  l2_reg: 0.01
  learn_embedding: false
  n_depth: 1
  n_features: 64
  n_levels: 2
  n_post: 0
  n_pre: 0
  n_steps: 5
  norm_type: layer
opt:
  es_patience: 50
  lr_init: 0.01
  mode: min
  monitor: val_loss
  n_epochs: 1000
results:
  test:
    acc: 0.8121211528778076
    auprc: 0.8596043586730957
    auroc: 0.9559072852134705
    loss: 0.9337884783744812
  train:
    acc: 1.0
    auprc: 1.0
    auroc: 1.0000001192092896
    loss: 0.21654890477657318
  val:
    acc: 0.7666666507720947
    auprc: 0.843656063079834
    auroc: 0.9524737596511841
    loss: 1.0279748439788818
