data:
  dataset_name: cora,citeseer,pubmed
  khop: 1
experiment:
  n_splits: 100
  n_trials: 1
model:
  attn_dropout: 0.3
  basepoint: false
  diff: false
  dropout: 0.9
  gnn_type: GSAN
  jk_type: null
  l2_reg: 0.01
  learn_embedding: false
  n_depth: 1
  n_features: 64
  n_heads: 8
  n_levels: 2
  n_post: 0
  n_pre: 0
  n_steps: 5
  norm_type: layer
opt:
  es_patience: 50
  lr_init: 0.01
  mode: min
  monitor: val_loss
  n_epochs: 1000
results:
  test:
    acc: 0.8064147233963013
    auprc: 0.8664027452468872
    auroc: 0.9618710279464722
    loss: 0.9461153149604797
  train:
    acc: 0.9928572177886963
    auprc: 0.9998478889465332
    auroc: 0.9999744892120361
    loss: 0.29610714316368103
  val:
    acc: 0.7809523344039917
    auprc: 0.8455715775489807
    auroc: 0.9552174806594849
    loss: 1.0253219604492188
