data:
  dataset_name: cora,citeseer,pubmed
  khop: 2
experiment:
  n_splits: 100
  n_trials: 1
model:
  attn_dropout: 0.3
  basepoint: false
  diff: false
  dropout: 0.9
  gnn_type: GSAN
  jk_type: null
  l2_reg: 0.01
  learn_embedding: false
  n_depth: 1
  n_features: 64
  n_heads: 8
  n_levels: 2
  n_post: 0
  n_pre: 0
  n_steps: 5
  norm_type: layer
opt:
  es_patience: 50
  lr_init: 0.01
  mode: min
  monitor: val_loss
  n_epochs: 1000
results:
  test:
    acc: 0.7939393520355225
    auprc: 0.8573041558265686
    auroc: 0.955022394657135
    loss: 0.9649353623390198
  train:
    acc: 1.0
    auprc: 1.0
    auroc: 1.0000005960464478
    loss: 0.18504059314727783
  val:
    acc: 0.7571428418159485
    auprc: 0.8487812280654907
    auroc: 0.9505290985107422
    loss: 0.9827561974525452
