data:
  dataset_name: cora,citeseer,pubmed
experiment:
  n_splits: 100
  n_trials: 1
model:
  attn_dropout: 0.3
  basepoint: false
  diff: false
  dropout: 0.9
  gnn_type: GSAN
  jk_type: null
  l2_reg: 0.01
  learn_embedding: false
  n_depth: 1
  n_features: 64
  n_heads: 8
  n_levels: 2
  n_post: 0
  n_pre: 0
  n_steps: 5
  norm_type: layer
opt:
  es_patience: 50
  lr_init: 0.01
  mode: min
  monitor: val_loss
  n_epochs: 1000
results:
  test:
    acc: 0.8282443284988403
    auprc: 0.8936444520950317
    auroc: 0.9652883410453796
    loss: 0.8293861150741577
  train:
    acc: 1.0
    auprc: 1.0
    auroc: 1.0000001192092896
    loss: 0.20285728573799133
  val:
    acc: 0.7857142090797424
    auprc: 0.8775397539138794
    auroc: 0.9599815607070923
    loss: 0.9138765335083008
