data:
  dataset_name: cora,citeseer,pubmed
  khop: 1
experiment:
  n_splits: 100
  n_trials: 1
model:
  attn_dropout: 0.3
  basepoint: false
  diff: false
  dropout: 0.9
  gnn_type: GSAN
  jk_type: null
  l2_reg: 0.01
  learn_embedding: false
  n_depth: 1
  n_features: 64
  n_heads: 8
  n_levels: 2
  n_post: 0
  n_pre: 0
  n_steps: 5
  norm_type: layer
opt:
  es_patience: 50
  lr_init: 0.01
  mode: min
  monitor: val_loss
  n_epochs: 1000
results:
  test:
    acc: 0.8151353001594543
    auprc: 0.8798695802688599
    auroc: 0.9651261568069458
    loss: 0.8758548498153687
  train:
    acc: 0.9928571581840515
    auprc: 0.9999493360519409
    auroc: 0.9999919533729553
    loss: 0.28632187843322754
  val:
    acc: 0.7809523344039917
    auprc: 0.8320780396461487
    auroc: 0.9446959495544434
    loss: 1.0495606660842896
