data:
  dataset_name: cora,citeseer,pubmed
experiment:
  n_splits: 100
  n_trials: 1
model:
  attn_dropout: 0.3
  basepoint: false
  diff: false
  dropout: 0.9
  gnn_type: GSAN
  jk_type: null
  l2_reg: 0.01
  learn_embedding: false
  n_depth: 1
  n_features: 64
  n_heads: 8
  n_levels: 2
  n_post: 0
  n_pre: 0
  n_steps: 5
  norm_type: layer
opt:
  es_patience: 50
  lr_init: 0.01
  mode: min
  monitor: val_loss
  n_epochs: 1000
results:
  test:
    acc: 0.8049193620681763
    auprc: 0.8728883862495422
    auroc: 0.9592181444168091
    loss: 0.9278770685195923
  train:
    acc: 1.0
    auprc: 0.9999999403953552
    auroc: 1.000000238418579
    loss: 0.2046223282814026
  val:
    acc: 0.8523808717727661
    auprc: 0.8998207449913025
    auroc: 0.9733183979988098
    loss: 0.7785873413085938
