data:
  dataset_name: cora,citeseer,pubmed
  khop: 2
experiment:
  n_splits: 100
  n_trials: 1
model:
  attn_dropout: 0.3
  basepoint: false
  diff: false
  dropout: 0.9
  gnn_type: GSAN
  jk_type: null
  l2_reg: 0.01
  learn_embedding: false
  n_depth: 1
  n_features: 64
  n_heads: 8
  n_levels: 2
  n_post: 0
  n_pre: 0
  n_steps: 5
  norm_type: layer
opt:
  es_patience: 50
  lr_init: 0.01
  mode: min
  monitor: val_loss
  n_epochs: 1000
results:
  test:
    acc: 0.7666665315628052
    auprc: 0.841185986995697
    auroc: 0.940521776676178
    loss: 1.1388121843338013
  train:
    acc: 1.0
    auprc: 1.0000005960464478
    auroc: 1.000000238418579
    loss: 0.2796235978603363
  val:
    acc: 0.7714285254478455
    auprc: 0.8498334884643555
    auroc: 0.957345187664032
    loss: 1.0370910167694092
