data:
  dataset_name: cora,citeseer,pubmed
  khop: 1
experiment:
  n_splits: 100
  n_trials: 1
model:
  basepoint: false
  diff: false
  dropout: 0.9
  gnn_type: GSN
  jk_type: null
  l2_reg: 0.01
  learn_embedding: false
  n_depth: 1
  n_features: 64
  n_levels: 2
  n_post: 0
  n_pre: 0
  n_steps: 5
  norm_type: layer
opt:
  es_patience: 50
  lr_init: 0.01
  mode: min
  monitor: val_loss
  n_epochs: 1000
results:
  test:
    acc: 0.8444445729255676
    auprc: 0.9012686014175415
    auroc: 0.9702810645103455
    loss: 0.7987098693847656
  train:
    acc: 1.0
    auprc: 1.0000001192092896
    auroc: 1.0000005960464478
    loss: 0.2538883686065674
  val:
    acc: 0.8333333134651184
    auprc: 0.8987948298454285
    auroc: 0.9694011807441711
    loss: 0.8456085324287415
