data:
  dataset_name: cora,citeseer,pubmed
  khop: 1
experiment:
  n_splits: 100
  n_trials: 1
model:
  attn_dropout: 0.3
  basepoint: false
  diff: false
  dropout: 0.9
  gnn_type: GSAN
  jk_type: null
  l2_reg: 0.01
  learn_embedding: false
  n_depth: 1
  n_features: 64
  n_heads: 8
  n_levels: 2
  n_post: 0
  n_pre: 0
  n_steps: 5
  norm_type: layer
opt:
  es_patience: 50
  lr_init: 0.01
  mode: min
  monitor: val_loss
  n_epochs: 1000
results:
  test:
    acc: 0.8103448152542114
    auprc: 0.8772401809692383
    auroc: 0.9652749300003052
    loss: 0.8996223211288452
  train:
    acc: 1.0
    auprc: 1.000000238418579
    auroc: 1.000000238418579
    loss: 0.2887035608291626
  val:
    acc: 0.7999999523162842
    auprc: 0.8743007183074951
    auroc: 0.9587699770927429
    loss: 0.9638538360595703
