data:
  dataset_name: cora,citeseer,pubmed
  khop: 1
experiment:
  n_splits: 100
  n_trials: 1
model:
  attn_dropout: 0.3
  basepoint: false
  diff: false
  dropout: 0.9
  gnn_type: GSAN
  jk_type: null
  l2_reg: 0.01
  learn_embedding: false
  n_depth: 1
  n_features: 64
  n_heads: 8
  n_levels: 2
  n_post: 0
  n_pre: 0
  n_steps: 5
  norm_type: layer
opt:
  es_patience: 50
  lr_init: 0.01
  mode: min
  monitor: val_loss
  n_epochs: 1000
results:
  test:
    acc: 0.8210412263870239
    auprc: 0.8871903419494629
    auroc: 0.9658617377281189
    loss: 0.8817650079727173
  train:
    acc: 1.0
    auprc: 0.9999998807907104
    auroc: 0.9999999403953552
    loss: 0.2755638360977173
  val:
    acc: 0.8047618865966797
    auprc: 0.8460869789123535
    auroc: 0.9570372104644775
    loss: 0.9563213586807251
