data:
  dataset_name: cora,citeseer,pubmed
  khop: 2
experiment:
  n_splits: 100
  n_trials: 1
model:
  attn_dropout: 0.3
  basepoint: false
  diff: false
  dropout: 0.9
  gnn_type: GSAN
  jk_type: null
  l2_reg: 0.01
  learn_embedding: false
  n_depth: 1
  n_features: 64
  n_heads: 8
  n_levels: 2
  n_post: 0
  n_pre: 0
  n_steps: 5
  norm_type: layer
opt:
  es_patience: 50
  lr_init: 0.01
  mode: min
  monitor: val_loss
  n_epochs: 1000
results:
  test:
    acc: 0.7668711543083191
    auprc: 0.8531231880187988
    auroc: 0.960185706615448
    loss: 0.9756215214729309
  train:
    acc: 1.0
    auprc: 1.0
    auroc: 1.0000003576278687
    loss: 0.2156219780445099
  val:
    acc: 0.8285713791847229
    auprc: 0.8765007257461548
    auroc: 0.9670166969299316
    loss: 0.8152895569801331
