data:
  dataset_name: cora,citeseer
  khop: 2
experiment:
  n_splits: 100
  n_trials: 1
model:
  basepoint: false
  diff: false
  dropout: 0.9
  gnn_type: GSN
  jk_type: null
  l2_reg: 0.01
  learn_embedding: false
  n_depth: 1
  n_features: 64
  n_levels: 2
  n_post: 0
  n_pre: 0
  n_steps: 5
  norm_type: layer
opt:
  es_patience: 50
  lr_init: 0.01
  mode: min
  monitor: val_loss
  n_epochs: 1000
results:
  test:
    acc: 0.7999999523162842
    auprc: 0.8694862127304077
    auroc: 0.9631590247154236
    loss: 0.889133095741272
  train:
    acc: 1.0
    auprc: 1.0
    auroc: 1.0000001192092896
    loss: 0.26814407110214233
  val:
    acc: 0.7999999523162842
    auprc: 0.8862906694412231
    auroc: 0.9640362858772278
    loss: 0.9020366072654724
