data:
  dataset_name: cora,citeseer,pubmed
  khop: 1
experiment:
  n_splits: 100
  n_trials: 1
model:
  attn_dropout: 0.3
  basepoint: false
  diff: false
  dropout: 0.9
  gnn_type: GSAN
  jk_type: null
  l2_reg: 0.01
  learn_embedding: false
  n_depth: 1
  n_features: 64
  n_heads: 8
  n_levels: 2
  n_post: 0
  n_pre: 0
  n_steps: 5
  norm_type: layer
opt:
  es_patience: 50
  lr_init: 0.01
  mode: min
  monitor: val_loss
  n_epochs: 1000
results:
  test:
    acc: 0.8348415493965149
    auprc: 0.8996915817260742
    auroc: 0.97227543592453
    loss: 0.8149211406707764
  train:
    acc: 0.9928571581840515
    auprc: 0.9998478293418884
    auroc: 0.9999748468399048
    loss: 0.2797700762748718
  val:
    acc: 0.8190476298332214
    auprc: 0.900922417640686
    auroc: 0.9710131883621216
    loss: 0.8316129446029663
