data:
  dataset_name: cora,citeseer,pubmed
experiment:
  n_splits: 100
  n_trials: 1
model:
  attn_dropout: 0.3
  basepoint: false
  diff: false
  dropout: 0.9
  gnn_type: GSAN
  jk_type: null
  l2_reg: 0.01
  learn_embedding: false
  n_depth: 1
  n_features: 64
  n_heads: 8
  n_levels: 2
  n_post: 0
  n_pre: 0
  n_steps: 5
  norm_type: layer
opt:
  es_patience: 50
  lr_init: 0.01
  mode: min
  monitor: val_loss
  n_epochs: 1000
results:
  test:
    acc: 0.8286684155464172
    auprc: 0.8945443630218506
    auroc: 0.9711238741874695
    loss: 0.8587740063667297
  train:
    acc: 0.9928570985794067
    auprc: 0.9999496340751648
    auroc: 0.9999918937683105
    loss: 0.31040477752685547
  val:
    acc: 0.8428571224212646
    auprc: 0.8973037004470825
    auroc: 0.9762645363807678
    loss: 0.853246808052063
