data:
  dataset_name: cora,citeseer,pubmed
  khop: 2
experiment:
  n_splits: 100
  n_trials: 1
model:
  attn_dropout: 0.3
  basepoint: false
  diff: false
  dropout: 0.9
  gnn_type: GSAN
  jk_type: null
  l2_reg: 0.01
  learn_embedding: false
  n_depth: 1
  n_features: 64
  n_heads: 8
  n_levels: 2
  n_post: 0
  n_pre: 0
  n_steps: 5
  norm_type: layer
opt:
  es_patience: 50
  lr_init: 0.01
  mode: min
  monitor: val_loss
  n_epochs: 1000
results:
  test:
    acc: 0.7597402930259705
    auprc: 0.8659831881523132
    auroc: 0.9587125778198242
    loss: 0.96161949634552
  train:
    acc: 1.0
    auprc: 1.0
    auroc: 1.000000238418579
    loss: 0.24506111443042755
  val:
    acc: 0.7666667699813843
    auprc: 0.829226016998291
    auroc: 0.9440800547599792
    loss: 1.103489637374878
