data:
  dataset_name: cora,citeseer
  khop: 2
experiment:
  n_splits: 100
  n_trials: 1
model:
  basepoint: false
  diff: false
  dropout: 0.9
  gnn_type: GSN
  jk_type: null
  l2_reg: 0.01
  learn_embedding: false
  n_depth: 1
  n_features: 64
  n_levels: 2
  n_post: 0
  n_pre: 0
  n_steps: 5
  norm_type: layer
opt:
  es_patience: 50
  lr_init: 0.01
  mode: min
  monitor: val_loss
  n_epochs: 1000
results:
  test:
    acc: 0.7530864477157593
    auprc: 0.8525454998016357
    auroc: 0.9532785415649414
    loss: 1.0429328680038452
  train:
    acc: 1.0
    auprc: 1.000000238418579
    auroc: 1.0000005960464478
    loss: 0.2298220843076706
  val:
    acc: 0.7952380776405334
    auprc: 0.8461088538169861
    auroc: 0.9513512253761292
    loss: 1.0102179050445557
