data:
  dataset_name: cora,citeseer
  khop: 2
experiment:
  n_splits: 100
  n_trials: 1
model:
  basepoint: false
  diff: false
  dropout: 0.9
  gnn_type: GSN
  jk_type: null
  l2_reg: 0.01
  learn_embedding: false
  n_depth: 1
  n_features: 64
  n_levels: 2
  n_post: 0
  n_pre: 0
  n_steps: 5
  norm_type: layer
opt:
  es_patience: 50
  lr_init: 0.01
  mode: min
  monitor: val_loss
  n_epochs: 1000
results:
  test:
    acc: 0.7305389642715454
    auprc: 0.7858456969261169
    auroc: 0.9351361393928528
    loss: 1.1587756872177124
  train:
    acc: 1.0
    auprc: 0.9999998807907104
    auroc: 1.0000003576278687
    loss: 0.1654052436351776
  val:
    acc: 0.8095237612724304
    auprc: 0.8747494220733643
    auroc: 0.9636566638946533
    loss: 0.8730159401893616
