data:
  dataset_name: cora,citeseer,pubmed
  khop: 1
experiment:
  n_splits: 100
  n_trials: 1
model:
  basepoint: false
  diff: false
  dropout: 0.9
  gnn_type: GSN
  jk_type: null
  l2_reg: 0.01
  learn_embedding: false
  n_depth: 1
  n_features: 64
  n_levels: 2
  n_post: 0
  n_pre: 0
  n_steps: 5
  norm_type: layer
opt:
  es_patience: 50
  lr_init: 0.01
  mode: min
  monitor: val_loss
  n_epochs: 1000
results:
  test:
    acc: 0.7931415438652039
    auprc: 0.8670111894607544
    auroc: 0.9595865607261658
    loss: 0.9295505285263062
  train:
    acc: 1.0
    auprc: 0.9999998807907104
    auroc: 1.0000003576278687
    loss: 0.25651660561561584
  val:
    acc: 0.8000000715255737
    auprc: 0.877494215965271
    auroc: 0.9601970314979553
    loss: 0.952126145362854
