data:
  dataset_name: cora,citeseer,pubmed
  khop: 1
experiment:
  n_splits: 100
  n_trials: 1
model:
  attn_dropout: 0.3
  basepoint: false
  diff: false
  dropout: 0.9
  gnn_type: GSAN
  jk_type: null
  l2_reg: 0.01
  learn_embedding: false
  n_depth: 1
  n_features: 64
  n_heads: 8
  n_levels: 2
  n_post: 0
  n_pre: 0
  n_steps: 5
  norm_type: layer
opt:
  es_patience: 50
  lr_init: 0.01
  mode: min
  monitor: val_loss
  n_epochs: 1000
results:
  test:
    acc: 0.8136926889419556
    auprc: 0.8671422004699707
    auroc: 0.949078381061554
    loss: 0.9941076040267944
  train:
    acc: 0.9928570985794067
    auprc: 0.9999491572380066
    auroc: 0.9999918937683105
    loss: 0.19627107679843903
  val:
    acc: 0.7571428418159485
    auprc: 0.8288698196411133
    auroc: 0.9444771409034729
    loss: 1.1275805234909058
