data:
  dataset_name: cora,citeseer,pubmed
experiment:
  n_splits: 100
  n_trials: 1
model:
  attn_dropout: 0.3
  basepoint: false
  diff: false
  dropout: 0.9
  gnn_type: GSAN
  jk_type: null
  l2_reg: 0.01
  learn_embedding: false
  n_depth: 1
  n_features: 64
  n_heads: 8
  n_levels: 2
  n_post: 0
  n_pre: 0
  n_steps: 5
  norm_type: layer
opt:
  es_patience: 50
  lr_init: 0.01
  mode: min
  monitor: val_loss
  n_epochs: 1000
results:
  test:
    acc: 0.8392705917358398
    auprc: 0.8927127122879028
    auroc: 0.9695988893508911
    loss: 0.8197280168533325
  train:
    acc: 1.0
    auprc: 1.0
    auroc: 1.0000004768371582
    loss: 0.2769577205181122
  val:
    acc: 0.8380951881408691
    auprc: 0.9093881845474243
    auroc: 0.9767234325408936
    loss: 0.7548642754554749
