data:
  dataset_name: cora,citeseer
  khop: 2
experiment:
  n_splits: 100
  n_trials: 1
model:
  basepoint: false
  diff: false
  dropout: 0.9
  gnn_type: GSN
  jk_type: null
  l2_reg: 0.01
  learn_embedding: false
  n_depth: 1
  n_features: 64
  n_levels: 2
  n_post: 0
  n_pre: 0
  n_steps: 5
  norm_type: layer
opt:
  es_patience: 50
  lr_init: 0.01
  mode: min
  monitor: val_loss
  n_epochs: 1000
results:
  test:
    acc: 0.8344370126724243
    auprc: 0.8545766472816467
    auroc: 0.9605462551116943
    loss: 0.9029406905174255
  train:
    acc: 1.0
    auprc: 1.0000001192092896
    auroc: 1.000000238418579
    loss: 0.21701018512248993
  val:
    acc: 0.7809523940086365
    auprc: 0.8674424886703491
    auroc: 0.9613627195358276
    loss: 0.8940807580947876
