data:
  dataset_name: cora,citeseer,pubmed
experiment:
  n_splits: 100
  n_trials: 1
model:
  attn_dropout: 0.3
  basepoint: false
  diff: false
  dropout: 0.9
  gnn_type: GSAN
  jk_type: null
  l2_reg: 0.01
  learn_embedding: false
  n_depth: 1
  n_features: 64
  n_heads: 8
  n_levels: 2
  n_post: 0
  n_pre: 0
  n_steps: 5
  norm_type: layer
opt:
  es_patience: 50
  lr_init: 0.01
  mode: min
  monitor: val_loss
  n_epochs: 1000
results:
  test:
    acc: 0.7998301982879639
    auprc: 0.8680254817008972
    auroc: 0.9592375755310059
    loss: 1.0137439966201782
  train:
    acc: 0.9928570985794067
    auprc: 0.999848484992981
    auroc: 0.9999750256538391
    loss: 0.3400799036026001
  val:
    acc: 0.7523810267448425
    auprc: 0.842107892036438
    auroc: 0.9490708112716675
    loss: 1.195212960243225
