data:
  dataset_name: cora,citeseer,pubmed
experiment:
  n_splits: 100
  n_trials: 1
model:
  attn_dropout: 0.3
  basepoint: false
  diff: false
  dropout: 0.9
  gnn_type: GSAN
  jk_type: null
  l2_reg: 0.01
  learn_embedding: false
  n_depth: 1
  n_features: 64
  n_heads: 8
  n_levels: 2
  n_post: 0
  n_pre: 0
  n_steps: 5
  norm_type: layer
opt:
  es_patience: 50
  lr_init: 0.01
  mode: min
  monitor: val_loss
  n_epochs: 1000
results:
  test:
    acc: 0.8180661797523499
    auprc: 0.8885387778282166
    auroc: 0.9674692153930664
    loss: 0.8862303495407104
  train:
    acc: 0.9928572177886963
    auprc: 0.9998478889465332
    auroc: 0.99997478723526
    loss: 0.31834912300109863
  val:
    acc: 0.8523810505867004
    auprc: 0.9241546988487244
    auroc: 0.9762322306632996
    loss: 0.7965764999389648
