data:
  dataset_name: cora,citeseer,pubmed
  khop: 1
experiment:
  n_splits: 100
  n_trials: 1
model:
  attn_dropout: 0.3
  basepoint: false
  diff: false
  dropout: 0.9
  gnn_type: GSAN
  jk_type: null
  l2_reg: 0.01
  learn_embedding: false
  n_depth: 1
  n_features: 64
  n_heads: 8
  n_levels: 2
  n_post: 0
  n_pre: 0
  n_steps: 5
  norm_type: layer
opt:
  es_patience: 50
  lr_init: 0.01
  mode: min
  monitor: val_loss
  n_epochs: 1000
results:
  test:
    acc: 0.7917619347572327
    auprc: 0.8537037968635559
    auroc: 0.9525399208068848
    loss: 0.9975377917289734
  train:
    acc: 1.0
    auprc: 0.9999999403953552
    auroc: 1.0000003576278687
    loss: 0.20948509871959686
  val:
    acc: 0.776190459728241
    auprc: 0.8552766442298889
    auroc: 0.9553532004356384
    loss: 1.0207445621490479
