data:
  dataset_name: cora,citeseer
  khop: 2
experiment:
  n_splits: 100
  n_trials: 1
model:
  basepoint: false
  diff: false
  dropout: 0.9
  gnn_type: GSN
  jk_type: null
  l2_reg: 0.01
  learn_embedding: false
  n_depth: 1
  n_features: 64
  n_levels: 2
  n_post: 0
  n_pre: 0
  n_steps: 5
  norm_type: layer
opt:
  es_patience: 50
  lr_init: 0.01
  mode: min
  monitor: val_loss
  n_epochs: 1000
results:
  test:
    acc: 0.8141024708747864
    auprc: 0.8801467418670654
    auroc: 0.9591516852378845
    loss: 0.8783628940582275
  train:
    acc: 1.0
    auprc: 1.0
    auroc: 1.0000004768371582
    loss: 0.11369061470031738
  val:
    acc: 0.8047618865966797
    auprc: 0.8584634065628052
    auroc: 0.9584226012229919
    loss: 0.8449215888977051
