data:
  dataset_name: cora,citeseer,pubmed
  khop: 1
experiment:
  n_splits: 100
  n_trials: 1
model:
  attn_dropout: 0.3
  basepoint: false
  diff: false
  dropout: 0.9
  gnn_type: GSAN
  jk_type: null
  l2_reg: 0.01
  learn_embedding: false
  n_depth: 1
  n_features: 64
  n_heads: 8
  n_levels: 2
  n_post: 0
  n_pre: 0
  n_steps: 5
  norm_type: layer
opt:
  es_patience: 50
  lr_init: 0.01
  mode: min
  monitor: val_loss
  n_epochs: 1000
results:
  test:
    acc: 0.7910959124565125
    auprc: 0.8513507843017578
    auroc: 0.9519056677818298
    loss: 0.9884141683578491
  train:
    acc: 1.0
    auprc: 1.0
    auroc: 1.0000004768371582
    loss: 0.21036382019519806
  val:
    acc: 0.76666659116745
    auprc: 0.830141007900238
    auroc: 0.9535004496574402
    loss: 1.0482958555221558
