data:
  dataset_name: cora,citeseer,pubmed
experiment:
  n_splits: 100
  n_trials: 1
model:
  attn_dropout: 0.3
  basepoint: false
  diff: false
  dropout: 0.9
  gnn_type: GSAN
  jk_type: null
  l2_reg: 0.01
  learn_embedding: false
  n_depth: 1
  n_features: 64
  n_heads: 8
  n_levels: 2
  n_post: 0
  n_pre: 0
  n_steps: 5
  norm_type: layer
opt:
  es_patience: 50
  lr_init: 0.01
  mode: min
  monitor: val_loss
  n_epochs: 1000
results:
  test:
    acc: 0.8159457445144653
    auprc: 0.8846572041511536
    auroc: 0.9653711318969727
    loss: 0.8780494332313538
  train:
    acc: 0.9928572177886963
    auprc: 0.9999493956565857
    auroc: 0.999991774559021
    loss: 0.2591431438922882
  val:
    acc: 0.8571428060531616
    auprc: 0.8964458107948303
    auroc: 0.9612284302711487
    loss: 0.8565027117729187
