data:
  dataset_name: cora,citeseer,pubmed
experiment:
  n_splits: 100
  n_trials: 1
model:
  attn_dropout: 0.3
  basepoint: false
  diff: false
  dropout: 0.9
  gnn_type: GSAN
  jk_type: null
  l2_reg: 0.01
  learn_embedding: false
  n_depth: 1
  n_features: 64
  n_heads: 8
  n_levels: 2
  n_post: 0
  n_pre: 0
  n_steps: 5
  norm_type: layer
opt:
  es_patience: 50
  lr_init: 0.01
  mode: min
  monitor: val_loss
  n_epochs: 1000
results:
  test:
    acc: 0.8273961544036865
    auprc: 0.895587146282196
    auroc: 0.9701515436172485
    loss: 0.8472109436988831
  train:
    acc: 0.9928571581840515
    auprc: 0.9999497532844543
    auroc: 0.9999919533729553
    loss: 0.2921835482120514
  val:
    acc: 0.8095239400863647
    auprc: 0.8634755611419678
    auroc: 0.9639251828193665
    loss: 0.9304319024085999
