data:
  dataset_name: cora,citeseer,pubmed
  khop: 1
experiment:
  n_splits: 100
  n_trials: 1
model:
  basepoint: false
  diff: false
  dropout: 0.9
  gnn_type: GSN
  jk_type: null
  l2_reg: 0.01
  learn_embedding: false
  n_depth: 1
  n_features: 64
  n_levels: 2
  n_post: 0
  n_pre: 0
  n_steps: 5
  norm_type: layer
opt:
  es_patience: 50
  lr_init: 0.01
  mode: min
  monitor: val_loss
  n_epochs: 1000
results:
  test:
    acc: 0.8210412263870239
    auprc: 0.8978065252304077
    auroc: 0.9669591784477234
    loss: 0.8451879024505615
  train:
    acc: 1.0
    auprc: 1.0
    auroc: 1.0000003576278687
    loss: 0.19126653671264648
  val:
    acc: 0.8238094449043274
    auprc: 0.881786584854126
    auroc: 0.9655445218086243
    loss: 0.8767364621162415
