data:
  dataset_name: cora,citeseer,pubmed
  khop: 2
experiment:
  n_splits: 100
  n_trials: 1
model:
  attn_dropout: 0.3
  basepoint: false
  diff: false
  dropout: 0.9
  gnn_type: GSAN
  jk_type: null
  l2_reg: 0.01
  learn_embedding: false
  n_depth: 1
  n_features: 64
  n_heads: 8
  n_levels: 2
  n_post: 0
  n_pre: 0
  n_steps: 5
  norm_type: layer
opt:
  es_patience: 50
  lr_init: 0.01
  mode: min
  monitor: val_loss
  n_epochs: 1000
results:
  test:
    acc: 0.7812500596046448
    auprc: 0.8287097811698914
    auroc: 0.9466307163238525
    loss: 1.0607489347457886
  train:
    acc: 1.0
    auprc: 1.000000238418579
    auroc: 1.0000004768371582
    loss: 0.24407152831554413
  val:
    acc: 0.8047620058059692
    auprc: 0.8671642541885376
    auroc: 0.9561362266540527
    loss: 0.9947377443313599
