data:
  dataset_name: cora,citeseer,pubmed
  khop: 1
experiment:
  n_splits: 100
  n_trials: 1
model:
  attn_dropout: 0.3
  basepoint: false
  diff: false
  dropout: 0.9
  gnn_type: GSAN
  jk_type: null
  l2_reg: 0.01
  learn_embedding: false
  n_depth: 1
  n_features: 64
  n_heads: 8
  n_levels: 2
  n_post: 0
  n_pre: 0
  n_steps: 5
  norm_type: layer
opt:
  es_patience: 50
  lr_init: 0.01
  mode: min
  monitor: val_loss
  n_epochs: 1000
results:
  test:
    acc: 0.8268347978591919
    auprc: 0.8931881785392761
    auroc: 0.967180073261261
    loss: 0.8327038884162903
  train:
    acc: 1.0
    auprc: 1.0000009536743164
    auroc: 1.0000005960464478
    loss: 0.2553512752056122
  val:
    acc: 0.8476189970970154
    auprc: 0.9049867391586304
    auroc: 0.9694088697433472
    loss: 0.7954121232032776
