data:
  dataset_name: cora,citeseer,pubmed
  khop: 1
experiment:
  n_splits: 100
  n_trials: 1
model:
  attn_dropout: 0.3
  basepoint: false
  diff: false
  dropout: 0.9
  gnn_type: GSAN
  jk_type: null
  l2_reg: 0.01
  learn_embedding: false
  n_depth: 1
  n_features: 64
  n_heads: 8
  n_levels: 2
  n_post: 0
  n_pre: 0
  n_steps: 5
  norm_type: layer
opt:
  es_patience: 50
  lr_init: 0.01
  mode: min
  monitor: val_loss
  n_epochs: 1000
results:
  test:
    acc: 0.8264278769493103
    auprc: 0.9004658460617065
    auroc: 0.9700295329093933
    loss: 0.8687654733657837
  train:
    acc: 0.9928572177886963
    auprc: 0.9998480081558228
    auroc: 0.9999749064445496
    loss: 0.32429248094558716
  val:
    acc: 0.8095237016677856
    auprc: 0.8898982405662537
    auroc: 0.9649834036827087
    loss: 0.9010573029518127
