data:
  dataset_name: cora,citeseer,pubmed
experiment:
  n_splits: 100
  n_trials: 1
model:
  attn_dropout: 0.3
  basepoint: false
  diff: false
  dropout: 0.9
  gnn_type: GSAN
  jk_type: null
  l2_reg: 0.01
  learn_embedding: false
  n_depth: 1
  n_features: 64
  n_heads: 8
  n_levels: 2
  n_post: 0
  n_pre: 0
  n_steps: 5
  norm_type: layer
opt:
  es_patience: 50
  lr_init: 0.01
  mode: min
  monitor: val_loss
  n_epochs: 1000
results:
  test:
    acc: 0.8244274854660034
    auprc: 0.8885264992713928
    auroc: 0.963453471660614
    loss: 0.8915284276008606
  train:
    acc: 1.0
    auprc: 1.0000007152557373
    auroc: 1.0000004768371582
    loss: 0.24833697080612183
  val:
    acc: 0.785714328289032
    auprc: 0.8576056957244873
    auroc: 0.9579480886459351
    loss: 1.035178303718567
