data:
  dataset_name: cora,citeseer
  khop: 2
experiment:
  n_splits: 100
  n_trials: 1
model:
  basepoint: false
  diff: false
  dropout: 0.9
  gnn_type: GSN
  jk_type: null
  l2_reg: 0.01
  learn_embedding: false
  n_depth: 1
  n_features: 64
  n_levels: 2
  n_post: 0
  n_pre: 0
  n_steps: 5
  norm_type: layer
opt:
  es_patience: 50
  lr_init: 0.01
  mode: min
  monitor: val_loss
  n_epochs: 1000
results:
  test:
    acc: 0.8121212720870972
    auprc: 0.8688950538635254
    auroc: 0.9520624279975891
    loss: 0.9512527585029602
  train:
    acc: 1.0
    auprc: 1.0000001192092896
    auroc: 1.0000005960464478
    loss: 0.13786019384860992
  val:
    acc: 0.8047618865966797
    auprc: 0.8827029466629028
    auroc: 0.965054988861084
    loss: 0.7811871767044067
