data:
  dataset_name: cora,citeseer,pubmed
experiment:
  n_splits: 100
  n_trials: 1
model:
  attn_dropout: 0.3
  basepoint: false
  diff: false
  dropout: 0.9
  gnn_type: GSAN
  jk_type: null
  l2_reg: 0.01
  learn_embedding: false
  n_depth: 1
  n_features: 64
  n_heads: 8
  n_levels: 2
  n_post: 0
  n_pre: 0
  n_steps: 5
  norm_type: layer
opt:
  es_patience: 50
  lr_init: 0.01
  mode: min
  monitor: val_loss
  n_epochs: 1000
results:
  test:
    acc: 0.8252756595611572
    auprc: 0.8828912377357483
    auroc: 0.9662294387817383
    loss: 0.8947932124137878
  train:
    acc: 1.0
    auprc: 0.9999998807907104
    auroc: 1.0000001192092896
    loss: 0.3116281032562256
  val:
    acc: 0.8285714983940125
    auprc: 0.914101243019104
    auroc: 0.9767802953720093
    loss: 0.8264168500900269
