data:
  dataset_name: cora,citeseer,pubmed
  khop: 1
experiment:
  n_splits: 100
  n_trials: 1
model:
  attn_dropout: 0.3
  basepoint: false
  diff: false
  dropout: 0.9
  gnn_type: GSAN
  jk_type: null
  l2_reg: 0.01
  learn_embedding: false
  n_depth: 1
  n_features: 64
  n_heads: 8
  n_levels: 2
  n_post: 0
  n_pre: 0
  n_steps: 5
  norm_type: layer
opt:
  es_patience: 50
  lr_init: 0.01
  mode: min
  monitor: val_loss
  n_epochs: 1000
results:
  test:
    acc: 0.8166286945343018
    auprc: 0.868739664554596
    auroc: 0.956852376461029
    loss: 0.957784116268158
  train:
    acc: 1.0
    auprc: 1.0
    auroc: 1.0000005960464478
    loss: 0.281742662191391
  val:
    acc: 0.7857142090797424
    auprc: 0.840612530708313
    auroc: 0.9469770193099976
    loss: 1.1468889713287354
