data:
  dataset_name: cora,citeseer,pubmed
experiment:
  n_splits: 100
  n_trials: 1
model:
  attn_dropout: 0.3
  basepoint: false
  diff: false
  dropout: 0.9
  gnn_type: GSAN
  jk_type: null
  l2_reg: 0.01
  learn_embedding: false
  n_depth: 1
  n_features: 64
  n_heads: 8
  n_levels: 2
  n_post: 0
  n_pre: 0
  n_steps: 5
  norm_type: layer
opt:
  es_patience: 50
  lr_init: 0.01
  mode: min
  monitor: val_loss
  n_epochs: 1000
results:
  test:
    acc: 0.8261238932609558
    auprc: 0.8996001482009888
    auroc: 0.9708320498466492
    loss: 0.8384281992912292
  train:
    acc: 0.9928571581840515
    auprc: 0.9999493956565857
    auroc: 0.9999916553497314
    loss: 0.2712686061859131
  val:
    acc: 0.8190476894378662
    auprc: 0.8934667110443115
    auroc: 0.9687021970748901
    loss: 0.8947051763534546
