data:
  dataset_name: cora,citeseer,pubmed
  khop: 1
experiment:
  n_splits: 100
  n_trials: 1
model:
  basepoint: false
  diff: false
  dropout: 0.9
  gnn_type: GSN
  jk_type: null
  l2_reg: 0.01
  learn_embedding: false
  n_depth: 1
  n_features: 64
  n_levels: 2
  n_post: 0
  n_pre: 0
  n_steps: 5
  norm_type: layer
opt:
  es_patience: 50
  lr_init: 0.01
  mode: min
  monitor: val_loss
  n_epochs: 1000
results:
  test:
    acc: 0.8293514847755432
    auprc: 0.8979319334030151
    auroc: 0.9705314040184021
    loss: 0.7953059077262878
  train:
    acc: 1.0
    auprc: 1.000001311302185
    auroc: 1.0000003576278687
    loss: 0.24848458170890808
  val:
    acc: 0.8142856359481812
    auprc: 0.8872784972190857
    auroc: 0.966476321220398
    loss: 0.8416205048561096
