data:
  dataset_name: cora,citeseer,pubmed
experiment:
  n_splits: 100
  n_trials: 1
model:
  attn_dropout: 0.3
  basepoint: false
  diff: false
  dropout: 0.9
  gnn_type: GSAN
  jk_type: null
  l2_reg: 0.01
  learn_embedding: false
  n_depth: 1
  n_features: 64
  n_heads: 8
  n_levels: 2
  n_post: 0
  n_pre: 0
  n_steps: 5
  norm_type: layer
opt:
  es_patience: 50
  lr_init: 0.01
  mode: min
  monitor: val_loss
  n_epochs: 1000
results:
  test:
    acc: 0.8269720077514648
    auprc: 0.8929742574691772
    auroc: 0.9687657952308655
    loss: 0.8564538955688477
  train:
    acc: 1.0
    auprc: 1.000000238418579
    auroc: 1.0000005960464478
    loss: 0.2958354949951172
  val:
    acc: 0.8285713791847229
    auprc: 0.8995471000671387
    auroc: 0.9696265459060669
    loss: 0.8225113749504089
