data:
  dataset_name: cora,citeseer,pubmed
experiment:
  n_splits: 100
  n_trials: 1
model:
  attn_dropout: 0.3
  basepoint: false
  diff: false
  dropout: 0.9
  gnn_type: GSAN
  jk_type: null
  l2_reg: 0.01
  learn_embedding: false
  n_depth: 1
  n_features: 64
  n_heads: 8
  n_levels: 2
  n_post: 0
  n_pre: 0
  n_steps: 5
  norm_type: layer
opt:
  es_patience: 50
  lr_init: 0.01
  mode: min
  monitor: val_loss
  n_epochs: 1000
results:
  test:
    acc: 0.8346053957939148
    auprc: 0.8880192637443542
    auroc: 0.9642390608787537
    loss: 0.8400424718856812
  train:
    acc: 1.0
    auprc: 1.0000001192092896
    auroc: 1.0000004768371582
    loss: 0.21813097596168518
  val:
    acc: 0.8285714983940125
    auprc: 0.8828237056732178
    auroc: 0.967681884765625
    loss: 0.8581458926200867
