data:
  dataset_name: cora,citeseer,pubmed
  khop: 1
experiment:
  n_splits: 100
  n_trials: 1
model:
  basepoint: false
  diff: false
  dropout: 0.9
  gnn_type: GSN
  jk_type: null
  l2_reg: 0.01
  learn_embedding: false
  n_depth: 1
  n_features: 64
  n_levels: 2
  n_post: 0
  n_pre: 0
  n_steps: 5
  norm_type: layer
opt:
  es_patience: 50
  lr_init: 0.01
  mode: min
  monitor: val_loss
  n_epochs: 1000
results:
  test:
    acc: 0.8059024214744568
    auprc: 0.8789919018745422
    auroc: 0.961820125579834
    loss: 0.8938660621643066
  train:
    acc: 1.0
    auprc: 1.000000238418579
    auroc: 1.0000004768371582
    loss: 0.21489092707633972
  val:
    acc: 0.7999998927116394
    auprc: 0.856207549571991
    auroc: 0.9493311643600464
    loss: 1.0091140270233154
