data:
  dataset_name: cora,citeseer,pubmed
  khop: 1
experiment:
  n_splits: 100
  n_trials: 1
model:
  attn_dropout: 0.3
  basepoint: false
  diff: false
  dropout: 0.9
  gnn_type: GSAN
  jk_type: null
  l2_reg: 0.01
  learn_embedding: false
  n_depth: 1
  n_features: 64
  n_heads: 8
  n_levels: 2
  n_post: 0
  n_pre: 0
  n_steps: 5
  norm_type: layer
opt:
  es_patience: 50
  lr_init: 0.01
  mode: min
  monitor: val_loss
  n_epochs: 1000
results:
  test:
    acc: 0.8072288036346436
    auprc: 0.8856179714202881
    auroc: 0.9659317135810852
    loss: 0.8919911980628967
  train:
    acc: 1.0
    auprc: 1.0000005960464478
    auroc: 1.0000004768371582
    loss: 0.2947404682636261
  val:
    acc: 0.7238095998764038
    auprc: 0.8561617136001587
    auroc: 0.9544466137886047
    loss: 1.0361649990081787
