data:
  dataset_name: cora,citeseer,pubmed
experiment:
  n_splits: 100
  n_trials: 1
model:
  attn_dropout: 0.3
  basepoint: false
  diff: false
  dropout: 0.9
  gnn_type: GSAN
  jk_type: null
  l2_reg: 0.01
  learn_embedding: false
  n_depth: 1
  n_features: 64
  n_heads: 8
  n_levels: 2
  n_post: 0
  n_pre: 0
  n_steps: 5
  norm_type: layer
opt:
  es_patience: 50
  lr_init: 0.01
  mode: min
  monitor: val_loss
  n_epochs: 1000
results:
  test:
    acc: 0.8176420331001282
    auprc: 0.8954036235809326
    auroc: 0.9693789482116699
    loss: 0.9204168319702148
  train:
    acc: 1.0
    auprc: 1.0000004768371582
    auroc: 1.000000238418579
    loss: 0.30108946561813354
  val:
    acc: 0.7809523344039917
    auprc: 0.8539942502975464
    auroc: 0.9534035325050354
    loss: 1.0655332803726196
