data:
  dataset_name: cora,citeseer,pubmed
  khop: 1
experiment:
  n_splits: 100
  n_trials: 1
model:
  basepoint: false
  diff: false
  dropout: 0.9
  gnn_type: GSN
  jk_type: null
  l2_reg: 0.01
  learn_embedding: false
  n_depth: 1
  n_features: 64
  n_levels: 2
  n_post: 0
  n_pre: 0
  n_steps: 5
  norm_type: layer
opt:
  es_patience: 50
  lr_init: 0.01
  mode: min
  monitor: val_loss
  n_epochs: 1000
results:
  test:
    acc: 0.8196902871131897
    auprc: 0.893112301826477
    auroc: 0.9663621783256531
    loss: 0.8358344435691833
  train:
    acc: 1.0
    auprc: 1.0000008344650269
    auroc: 1.0000005960464478
    loss: 0.18631771206855774
  val:
    acc: 0.7952380180358887
    auprc: 0.8588458299636841
    auroc: 0.9591046571731567
    loss: 0.9514189958572388
