data:
  dataset_name: cora,citeseer,pubmed
  khop: 2
experiment:
  n_splits: 100
  n_trials: 1
model:
  attn_dropout: 0.3
  basepoint: false
  diff: false
  dropout: 0.9
  gnn_type: GSAN
  jk_type: null
  l2_reg: 0.01
  learn_embedding: false
  n_depth: 1
  n_features: 64
  n_heads: 8
  n_levels: 2
  n_post: 0
  n_pre: 0
  n_steps: 5
  norm_type: layer
opt:
  es_patience: 50
  lr_init: 0.01
  mode: min
  monitor: val_loss
  n_epochs: 1000
results:
  test:
    acc: 0.7730061411857605
    auprc: 0.8482856750488281
    auroc: 0.9579527974128723
    loss: 0.9909852147102356
  train:
    acc: 1.0
    auprc: 1.0
    auroc: 1.0000004768371582
    loss: 0.22925367951393127
  val:
    acc: 0.8428571224212646
    auprc: 0.8874554634094238
    auroc: 0.9724172353744507
    loss: 0.7988221645355225
