data:
  dataset_name: cora,citeseer,pubmed
experiment:
  n_splits: 100
  n_trials: 1
model:
  attn_dropout: 0.3
  basepoint: false
  diff: false
  dropout: 0.9
  gnn_type: GSAN
  jk_type: null
  l2_reg: 0.01
  learn_embedding: false
  n_depth: 1
  n_features: 64
  n_heads: 8
  n_levels: 2
  n_post: 0
  n_pre: 0
  n_steps: 5
  norm_type: layer
opt:
  es_patience: 50
  lr_init: 0.01
  mode: min
  monitor: val_loss
  n_epochs: 1000
results:
  test:
    acc: 0.8087361454963684
    auprc: 0.8756882548332214
    auroc: 0.958903431892395
    loss: 0.9426589608192444
  train:
    acc: 1.0
    auprc: 1.0000003576278687
    auroc: 1.000000238418579
    loss: 0.2660650908946991
  val:
    acc: 0.8238095045089722
    auprc: 0.8760484457015991
    auroc: 0.9613568186759949
    loss: 0.9396394491195679
