data:
  dataset_name: cora,citeseer,pubmed
experiment:
  n_splits: 100
  n_trials: 1
model:
  attn_dropout: 0.3
  basepoint: false
  diff: false
  dropout: 0.9
  gnn_type: GSAN
  jk_type: null
  l2_reg: 0.01
  learn_embedding: false
  n_depth: 1
  n_features: 64
  n_heads: 8
  n_levels: 2
  n_post: 0
  n_pre: 0
  n_steps: 5
  norm_type: layer
opt:
  es_patience: 50
  lr_init: 0.01
  mode: min
  monitor: val_loss
  n_epochs: 1000
results:
  test:
    acc: 0.8180661201477051
    auprc: 0.8730431795120239
    auroc: 0.9586990475654602
    loss: 0.9110743999481201
  train:
    acc: 1.0
    auprc: 1.0000001192092896
    auroc: 1.0000003576278687
    loss: 0.20765039324760437
  val:
    acc: 0.7904762029647827
    auprc: 0.8580237627029419
    auroc: 0.9546001553535461
    loss: 0.9679560661315918
