data:
  dataset_name: cora,citeseer,pubmed
  khop: 1
experiment:
  n_splits: 100
  n_trials: 1
model:
  attn_dropout: 0.3
  basepoint: false
  diff: false
  dropout: 0.9
  gnn_type: GSAN
  jk_type: null
  l2_reg: 0.01
  learn_embedding: false
  n_depth: 1
  n_features: 64
  n_heads: 8
  n_levels: 2
  n_post: 0
  n_pre: 0
  n_steps: 5
  norm_type: layer
opt:
  es_patience: 50
  lr_init: 0.01
  mode: min
  monitor: val_loss
  n_epochs: 1000
results:
  test:
    acc: 0.7984054684638977
    auprc: 0.8671330213546753
    auroc: 0.9607876539230347
    loss: 0.9229642748832703
  train:
    acc: 1.0
    auprc: 1.0000014305114746
    auroc: 1.0000003576278687
    loss: 0.2588678300380707
  val:
    acc: 0.7476190328598022
    auprc: 0.8465392589569092
    auroc: 0.962201714515686
    loss: 0.9781231880187988
