data:
  dataset_name: cora,citeseer,pubmed
experiment:
  n_splits: 100
  n_trials: 1
model:
  attn_dropout: 0.3
  basepoint: false
  diff: false
  dropout: 0.9
  gnn_type: GSAN
  jk_type: null
  l2_reg: 0.01
  learn_embedding: false
  n_depth: 1
  n_features: 64
  n_heads: 8
  n_levels: 2
  n_post: 0
  n_pre: 0
  n_steps: 5
  norm_type: layer
opt:
  es_patience: 50
  lr_init: 0.01
  mode: min
  monitor: val_loss
  n_epochs: 1000
results:
  test:
    acc: 0.822731077671051
    auprc: 0.8811709880828857
    auroc: 0.9640117883682251
    loss: 0.8735991716384888
  train:
    acc: 1.0
    auprc: 1.0000004768371582
    auroc: 1.0000004768371582
    loss: 0.2373947948217392
  val:
    acc: 0.8142856359481812
    auprc: 0.874785840511322
    auroc: 0.9624569416046143
    loss: 0.8987821340560913
