data:
  dataset_name: cora,citeseer,pubmed
  khop: 1
experiment:
  n_splits: 100
  n_trials: 1
model:
  attn_dropout: 0.3
  basepoint: false
  diff: false
  dropout: 0.9
  gnn_type: GSAN
  jk_type: null
  l2_reg: 0.01
  learn_embedding: false
  n_depth: 1
  n_features: 64
  n_heads: 8
  n_levels: 2
  n_post: 0
  n_pre: 0
  n_steps: 5
  norm_type: layer
opt:
  es_patience: 50
  lr_init: 0.01
  mode: min
  monitor: val_loss
  n_epochs: 1000
results:
  test:
    acc: 0.8185840845108032
    auprc: 0.8780941367149353
    auroc: 0.9598284363746643
    loss: 0.8862002491950989
  train:
    acc: 0.9928572177886963
    auprc: 0.9999492168426514
    auroc: 0.999991774559021
    loss: 0.235405832529068
  val:
    acc: 0.8333334922790527
    auprc: 0.8856247067451477
    auroc: 0.964427649974823
    loss: 0.8513919115066528
