data:
  dataset_name: cora,citeseer,pubmed
  khop: 1
experiment:
  n_splits: 100
  n_trials: 1
model:
  basepoint: false
  diff: false
  dropout: 0.9
  gnn_type: GSN
  jk_type: null
  l2_reg: 0.01
  learn_embedding: false
  n_depth: 1
  n_features: 64
  n_levels: 2
  n_post: 0
  n_pre: 0
  n_steps: 5
  norm_type: layer
opt:
  es_patience: 50
  lr_init: 0.01
  mode: min
  monitor: val_loss
  n_epochs: 1000
results:
  test:
    acc: 0.8252213001251221
    auprc: 0.9056793451309204
    auroc: 0.9698482155799866
    loss: 0.7707163691520691
  train:
    acc: 0.9928571581840515
    auprc: 0.9999492764472961
    auroc: 0.9999918341636658
    loss: 0.21118247509002686
  val:
    acc: 0.8238095045089722
    auprc: 0.8541936278343201
    auroc: 0.95192950963974
    loss: 0.902625560760498
