data:
  dataset_name: cora,citeseer,pubmed
  khop: 2
experiment:
  n_splits: 100
  n_trials: 1
model:
  attn_dropout: 0.3
  basepoint: false
  diff: false
  dropout: 0.9
  gnn_type: GSAN
  jk_type: null
  l2_reg: 0.01
  learn_embedding: false
  n_depth: 1
  n_features: 64
  n_heads: 8
  n_levels: 2
  n_post: 0
  n_pre: 0
  n_steps: 5
  norm_type: layer
opt:
  es_patience: 50
  lr_init: 0.01
  mode: min
  monitor: val_loss
  n_epochs: 1000
results:
  test:
    acc: 0.7426900863647461
    auprc: 0.8611149787902832
    auroc: 0.9603665471076965
    loss: 0.9744725227355957
  train:
    acc: 1.0
    auprc: 1.0000007152557373
    auroc: 1.0000003576278687
    loss: 0.24935878813266754
  val:
    acc: 0.7809523344039917
    auprc: 0.836004912853241
    auroc: 0.952358603477478
    loss: 1.0476099252700806
