data:
  dataset_name: cora,citeseer,pubmed
  khop: 2
experiment:
  n_splits: 100
  n_trials: 1
model:
  attn_dropout: 0.3
  basepoint: false
  diff: false
  dropout: 0.9
  gnn_type: GSAN
  jk_type: null
  l2_reg: 0.01
  learn_embedding: false
  n_depth: 1
  n_features: 64
  n_heads: 8
  n_levels: 2
  n_post: 0
  n_pre: 0
  n_steps: 5
  norm_type: layer
opt:
  es_patience: 50
  lr_init: 0.01
  mode: min
  monitor: val_loss
  n_epochs: 1000
results:
  test:
    acc: 0.7987421751022339
    auprc: 0.8421890735626221
    auroc: 0.9484098553657532
    loss: 1.0096089839935303
  train:
    acc: 1.0
    auprc: 1.0000001192092896
    auroc: 1.0000007152557373
    loss: 0.13344848155975342
  val:
    acc: 0.8571428060531616
    auprc: 0.9071153402328491
    auroc: 0.9747509360313416
    loss: 0.6888986825942993
