data:
  dataset_name: cora,citeseer,pubmed
  khop: 1
experiment:
  n_splits: 100
  n_trials: 1
model:
  basepoint: false
  diff: false
  dropout: 0.9
  gnn_type: GSN
  jk_type: null
  l2_reg: 0.01
  learn_embedding: false
  n_depth: 1
  n_features: 64
  n_levels: 2
  n_post: 0
  n_pre: 0
  n_steps: 5
  norm_type: layer
opt:
  es_patience: 50
  lr_init: 0.01
  mode: min
  monitor: val_loss
  n_epochs: 1000
results:
  test:
    acc: 0.8017817735671997
    auprc: 0.886164128780365
    auroc: 0.9654509425163269
    loss: 0.916545033454895
  train:
    acc: 1.0
    auprc: 1.0000005960464478
    auroc: 1.0000003576278687
    loss: 0.25234454870224
  val:
    acc: 0.7857143878936768
    auprc: 0.8649856448173523
    auroc: 0.9570695161819458
    loss: 0.9636000394821167
