data:
  batch_size: 128
  dataset_name: NCI1,NCI109
experiment:
  n_splits: 5
  n_trials: 1
model:
  attn_dropout: 0.1
  basepoint: true
  dropout: 0.1
  gnn_type: GSAN
  jk_type: jk_max
  l2_reg: 0.0001
  learn_embedding: true
  n_depth: 4
  n_features: 128
  n_heads: 8
  n_levels: 2
  n_post: 1
  n_post_dim: 256
  n_pre: 1
  n_steps: 5
  norm_type: null
  pool: attn
  post_skip: true
  pre_skip: true
opt:
  lr_init: 0.001
  lr_schedule: cosine
  n_epochs: 200
results:
  test:
    acc: 0.8004866242408752
    auprc: 0.8288793563842773
    auroc: 0.852919340133667
    loss: 203.69485473632812
  train:
    acc: 0.9869221448898315
    auprc: 0.9993926286697388
    auroc: 0.999384343624115
    loss: 5.076613426208496
  val:
    acc: 0.7858880758285522
    auprc: 0.819521427154541
    auroc: 0.8441726565361023
    loss: 144.5615234375
