data:
  batch_size: 128
  dataset_name: NCI1,NCI109
experiment:
  n_splits: 5
  n_trials: 1
model:
  attn_dropout: 0.1
  basepoint: true
  dropout: 0.1
  gnn_type: GSAN
  jk_type: jk_max
  l2_reg: 0.0001
  learn_embedding: true
  n_depth: 4
  n_features: 128
  n_heads: 8
  n_levels: 2
  n_post: 1
  n_post_dim: 256
  n_pre: 1
  n_steps: 5
  norm_type: null
  pool: attn
  post_skip: true
  pre_skip: true
opt:
  lr_init: 0.001
  lr_schedule: cosine
  n_epochs: 200
results:
  test:
    acc: 0.8014527559280396
    auprc: 0.8069637417793274
    auroc: 0.8365763425827026
    loss: 176.57748413085938
  train:
    acc: 0.9863677620887756
    auprc: 0.9993652105331421
    auroc: 0.9993573427200317
    loss: 5.534025192260742
  val:
    acc: 0.7675544619560242
    auprc: 0.7868245244026184
    auroc: 0.8178449869155884
    loss: 200.65293884277344
