data:
  dataset_name: cora,citeseer,pubmed
  khop: 1
experiment:
  n_splits: 100
  n_trials: 1
model:
  basepoint: false
  diff: false
  dropout: 0.9
  gnn_type: GSN
  jk_type: null
  l2_reg: 0.01
  learn_embedding: false
  n_depth: 1
  n_features: 64
  n_levels: 2
  n_post: 0
  n_pre: 0
  n_steps: 5
  norm_type: layer
opt:
  es_patience: 50
  lr_init: 0.01
  mode: min
  monitor: val_loss
  n_epochs: 1000
results:
  test:
    acc: 0.7850704193115234
    auprc: 0.8525264263153076
    auroc: 0.9190634489059448
    loss: 0.8113967180252075
  train:
    acc: 1.0
    auprc: 1.0
    auroc: 0.9999997019767761
    loss: 0.15002456307411194
  val:
    acc: 0.8000000715255737
    auprc: 0.8487380743026733
    auroc: 0.917561948299408
    loss: 0.8141703009605408
