data:
  dataset_name: cora,citeseer,pubmed
experiment:
  n_splits: 100
  n_trials: 1
model:
  attn_dropout: 0.3
  basepoint: false
  diff: false
  dropout: 0.9
  gnn_type: GSAN
  jk_type: null
  l2_reg: 0.01
  learn_embedding: false
  n_depth: 1
  n_features: 64
  n_heads: 8
  n_levels: 2
  n_post: 0
  n_pre: 0
  n_steps: 5
  norm_type: layer
opt:
  es_patience: 50
  lr_init: 0.01
  mode: min
  monitor: val_loss
  n_epochs: 1000
results:
  test:
    acc: 0.7662391662597656
    auprc: 0.8360605239868164
    auroc: 0.9102204442024231
    loss: 0.8496870398521423
  train:
    acc: 0.9833332300186157
    auprc: 0.9997249245643616
    auroc: 0.999860942363739
    loss: 0.2715400159358978
  val:
    acc: 0.7444444894790649
    auprc: 0.8528940081596375
    auroc: 0.9203706383705139
    loss: 0.7963817119598389
