data:
  dataset_name: cora,citeseer,pubmed
  khop: 2
experiment:
  n_splits: 100
  n_trials: 1
model:
  attn_dropout: 0.3
  basepoint: false
  diff: false
  dropout: 0.9
  gnn_type: GSAN
  jk_type: null
  l2_reg: 0.01
  learn_embedding: false
  n_depth: 1
  n_features: 64
  n_heads: 8
  n_levels: 2
  n_post: 0
  n_pre: 0
  n_steps: 5
  norm_type: layer
opt:
  es_patience: 50
  lr_init: 0.01
  mode: min
  monitor: val_loss
  n_epochs: 1000
results:
  test:
    acc: 0.7488830089569092
    auprc: 0.8101871609687805
    auroc: 0.891899585723877
    loss: 0.9372434616088867
  train:
    acc: 1.0
    auprc: 1.0
    auroc: 0.9999996423721313
    loss: 0.12167558073997498
  val:
    acc: 0.8333333730697632
    auprc: 0.8500715494155884
    auroc: 0.9205556511878967
    loss: 0.7223236560821533
