data:
  dataset_name: cora,citeseer,pubmed
  khop: 1
experiment:
  n_splits: 100
  n_trials: 1
model:
  attn_dropout: 0.3
  basepoint: false
  diff: false
  dropout: 0.9
  gnn_type: GSAN
  jk_type: null
  l2_reg: 0.01
  learn_embedding: false
  n_depth: 1
  n_features: 64
  n_heads: 8
  n_levels: 2
  n_post: 0
  n_pre: 0
  n_steps: 5
  norm_type: layer
opt:
  es_patience: 50
  lr_init: 0.01
  mode: min
  monitor: val_loss
  n_epochs: 1000
results:
  test:
    acc: 0.7811543345451355
    auprc: 0.8365528583526611
    auroc: 0.9112327694892883
    loss: 0.9079325795173645
  train:
    acc: 0.9833332896232605
    auprc: 0.9978533387184143
    auroc: 0.9988889098167419
    loss: 0.3540910482406616
  val:
    acc: 0.7444444894790649
    auprc: 0.7956418991088867
    auroc: 0.8937656283378601
    loss: 0.9529397487640381
