data:
  dataset_name: cora,citeseer,pubmed
  khop: 2
experiment:
  n_splits: 100
  n_trials: 1
model:
  basepoint: false
  diff: false
  dropout: 0.9
  gnn_type: GSN
  jk_type: null
  l2_reg: 0.01
  learn_embedding: false
  n_depth: 1
  n_features: 64
  n_levels: 2
  n_post: 0
  n_pre: 0
  n_steps: 5
  norm_type: layer
opt:
  es_patience: 50
  lr_init: 0.01
  mode: min
  monitor: val_loss
  n_epochs: 1000
results:
  test:
    acc: 0.783722996711731
    auprc: 0.8658080697059631
    auroc: 0.9254502058029175
    loss: 0.7203899025917053
  train:
    acc: 1.0
    auprc: 1.000001311302185
    auroc: 1.0
    loss: 0.18613511323928833
  val:
    acc: 0.8333333730697632
    auprc: 0.9087252020835876
    auroc: 0.9430557489395142
    loss: 0.6592071056365967
