data:
  dataset_name: cora,citeseer,pubmed
  khop: 1
experiment:
  n_splits: 100
  n_trials: 1
model:
  attn_dropout: 0.3
  basepoint: false
  diff: false
  dropout: 0.9
  gnn_type: GSAN
  jk_type: null
  l2_reg: 0.01
  learn_embedding: false
  n_depth: 1
  n_features: 64
  n_heads: 8
  n_levels: 2
  n_post: 0
  n_pre: 0
  n_steps: 5
  norm_type: layer
opt:
  es_patience: 50
  lr_init: 0.01
  mode: min
  monitor: val_loss
  n_epochs: 1000
results:
  test:
    acc: 0.7134417295455933
    auprc: 0.7872132658958435
    auroc: 0.8832894563674927
    loss: 1.0906749963760376
  train:
    acc: 0.9833333492279053
    auprc: 0.9991778135299683
    auroc: 0.9995832443237305
    loss: 0.28622493147850037
  val:
    acc: 0.699999988079071
    auprc: 0.7698478698730469
    auroc: 0.876018762588501
    loss: 1.1231107711791992
