data:
  dataset_name: cora,citeseer,pubmed
  khop: 2
experiment:
  n_splits: 100
  n_trials: 1
model:
  basepoint: false
  diff: false
  dropout: 0.9
  gnn_type: GSN
  jk_type: null
  l2_reg: 0.01
  learn_embedding: false
  n_depth: 1
  n_features: 64
  n_levels: 2
  n_post: 0
  n_pre: 0
  n_steps: 5
  norm_type: layer
opt:
  es_patience: 50
  lr_init: 0.01
  mode: min
  monitor: val_loss
  n_epochs: 1000
results:
  test:
    acc: 0.762719452381134
    auprc: 0.8407194018363953
    auroc: 0.912203848361969
    loss: 0.8391969203948975
  train:
    acc: 1.0
    auprc: 1.0000008344650269
    auroc: 1.0
    loss: 0.2340301275253296
  val:
    acc: 0.8444443941116333
    auprc: 0.9285125732421875
    auroc: 0.9591050744056702
    loss: 0.5934644341468811
