data:
  dataset_name: cora,citeseer,pubmed
  khop: 1
experiment:
  n_splits: 100
  n_trials: 1
model:
  attn_dropout: 0.3
  basepoint: false
  diff: false
  dropout: 0.9
  gnn_type: GSAN
  jk_type: null
  l2_reg: 0.01
  learn_embedding: false
  n_depth: 1
  n_features: 64
  n_heads: 8
  n_levels: 2
  n_post: 0
  n_pre: 0
  n_steps: 5
  norm_type: layer
opt:
  es_patience: 50
  lr_init: 0.01
  mode: min
  monitor: val_loss
  n_epochs: 1000
results:
  test:
    acc: 0.7790672779083252
    auprc: 0.8338789939880371
    auroc: 0.9095284342765808
    loss: 0.9023771286010742
  train:
    acc: 0.9833333492279053
    auprc: 0.9995845556259155
    auroc: 0.9997915625572205
    loss: 0.20357826352119446
  val:
    acc: 0.8555556535720825
    auprc: 0.9406172633171082
    auroc: 0.9667289853096008
    loss: 0.5363638401031494
