data:
  dataset_name: cora,citeseer,pubmed
  khop: 1
experiment:
  n_splits: 100
  n_trials: 1
model:
  basepoint: false
  diff: false
  dropout: 0.9
  gnn_type: GSN
  jk_type: null
  l2_reg: 0.01
  learn_embedding: false
  n_depth: 1
  n_features: 64
  n_levels: 2
  n_post: 0
  n_pre: 0
  n_steps: 5
  norm_type: layer
opt:
  es_patience: 50
  lr_init: 0.01
  mode: min
  monitor: val_loss
  n_epochs: 1000
results:
  test:
    acc: 0.7887079119682312
    auprc: 0.844842791557312
    auroc: 0.9147790670394897
    loss: 0.8599526882171631
  train:
    acc: 1.0
    auprc: 0.9999998211860657
    auroc: 0.9999995231628418
    loss: 0.09068170934915543
  val:
    acc: 0.8111110925674438
    auprc: 0.899915337562561
    auroc: 0.9463277459144592
    loss: 0.6435751914978027
