data:
  dataset_name: cora,citeseer,pubmed
  khop: 1
experiment:
  n_splits: 100
  n_trials: 1
model:
  basepoint: false
  diff: false
  dropout: 0.9
  gnn_type: GSN
  jk_type: null
  l2_reg: 0.01
  learn_embedding: false
  n_depth: 1
  n_features: 64
  n_levels: 2
  n_post: 0
  n_pre: 0
  n_steps: 5
  norm_type: layer
opt:
  es_patience: 50
  lr_init: 0.01
  mode: min
  monitor: val_loss
  n_epochs: 1000
results:
  test:
    acc: 0.7842789888381958
    auprc: 0.838126540184021
    auroc: 0.908126175403595
    loss: 0.9443188309669495
  train:
    acc: 1.0
    auprc: 0.9999998211860657
    auroc: 0.9999994039535522
    loss: 0.07062575966119766
  val:
    acc: 0.8666667342185974
    auprc: 0.877936601638794
    auroc: 0.941852331161499
    loss: 0.5865833759307861
