data:
  dataset_name: cora,citeseer,pubmed
  khop: 1
experiment:
  n_splits: 100
  n_trials: 1
model:
  basepoint: false
  diff: false
  dropout: 0.9
  gnn_type: GSN
  jk_type: null
  l2_reg: 0.01
  learn_embedding: false
  n_depth: 1
  n_features: 64
  n_levels: 2
  n_post: 0
  n_pre: 0
  n_steps: 5
  norm_type: layer
opt:
  es_patience: 50
  lr_init: 0.01
  mode: min
  monitor: val_loss
  n_epochs: 1000
results:
  test:
    acc: 0.7665429711341858
    auprc: 0.8198593854904175
    auroc: 0.900089681148529
    loss: 0.982947587966919
  train:
    acc: 1.0
    auprc: 0.9999998807907104
    auroc: 0.9999995827674866
    loss: 0.09900204092264175
  val:
    acc: 0.800000011920929
    auprc: 0.8865475654602051
    auroc: 0.937407910823822
    loss: 0.719382107257843
