data:
  dataset_name: cora,citeseer,pubmed
  khop: 1
experiment:
  n_splits: 100
  n_trials: 1
model:
  basepoint: false
  diff: false
  dropout: 0.9
  gnn_type: GSN
  jk_type: null
  l2_reg: 0.01
  learn_embedding: false
  n_depth: 1
  n_features: 64
  n_levels: 2
  n_post: 0
  n_pre: 0
  n_steps: 5
  norm_type: layer
opt:
  es_patience: 50
  lr_init: 0.01
  mode: min
  monitor: val_loss
  n_epochs: 1000
results:
  test:
    acc: 0.7999706268310547
    auprc: 0.8493320941925049
    auroc: 0.920459508895874
    loss: 0.7790536880493164
  train:
    acc: 1.0
    auprc: 1.0000001192092896
    auroc: 0.9999999403953552
    loss: 0.1638938933610916
  val:
    acc: 0.7888888120651245
    auprc: 0.860524594783783
    auroc: 0.9295374751091003
    loss: 0.7509984970092773
