data:
  dataset_name: cora,citeseer,pubmed
  khop: 2
experiment:
  n_splits: 100
  n_trials: 1
model:
  attn_dropout: 0.3
  basepoint: false
  diff: false
  dropout: 0.9
  gnn_type: GSAN
  jk_type: null
  l2_reg: 0.01
  learn_embedding: false
  n_depth: 1
  n_features: 64
  n_heads: 8
  n_levels: 2
  n_post: 0
  n_pre: 0
  n_steps: 5
  norm_type: layer
opt:
  es_patience: 50
  lr_init: 0.01
  mode: min
  monitor: val_loss
  n_epochs: 1000
results:
  test:
    acc: 0.7632399201393127
    auprc: 0.8421140909194946
    auroc: 0.910926342010498
    loss: 0.8310281038284302
  train:
    acc: 1.0
    auprc: 1.0
    auroc: 1.0
    loss: 0.2256414294242859
  val:
    acc: 0.8333333730697632
    auprc: 0.9339092373847961
    auroc: 0.9569445848464966
    loss: 0.6062700748443604
