data:
  dataset_name: cora,citeseer,pubmed
  khop: 1
experiment:
  n_splits: 100
  n_trials: 1
model:
  attn_dropout: 0.3
  basepoint: false
  diff: false
  dropout: 0.9
  gnn_type: GSAN
  jk_type: null
  l2_reg: 0.01
  learn_embedding: false
  n_depth: 1
  n_features: 64
  n_heads: 8
  n_levels: 2
  n_post: 0
  n_pre: 0
  n_steps: 5
  norm_type: layer
opt:
  es_patience: 50
  lr_init: 0.01
  mode: min
  monitor: val_loss
  n_epochs: 1000
results:
  test:
    acc: 0.800057590007782
    auprc: 0.8724071979522705
    auroc: 0.9278954863548279
    loss: 0.8056756854057312
  train:
    acc: 1.0
    auprc: 1.0000001192092896
    auroc: 0.9999998807907104
    loss: 0.1623249053955078
  val:
    acc: 0.8111111521720886
    auprc: 0.8751556277275085
    auroc: 0.9340745806694031
    loss: 0.7681708335876465
