data:
  dataset_name: cora,citeseer,pubmed
  khop: 1
experiment:
  n_splits: 100
  n_trials: 1
model:
  attn_dropout: 0.3
  basepoint: false
  diff: false
  dropout: 0.9
  gnn_type: GSAN
  jk_type: null
  l2_reg: 0.01
  learn_embedding: false
  n_depth: 1
  n_features: 64
  n_heads: 8
  n_levels: 2
  n_post: 0
  n_pre: 0
  n_steps: 5
  norm_type: layer
opt:
  es_patience: 50
  lr_init: 0.01
  mode: min
  monitor: val_loss
  n_epochs: 1000
results:
  test:
    acc: 0.7792359590530396
    auprc: 0.8356186151504517
    auroc: 0.9111555814743042
    loss: 0.9644898176193237
  train:
    acc: 1.0
    auprc: 1.0000004768371582
    auroc: 1.000000238418579
    loss: 0.47432100772857666
  val:
    acc: 0.76666659116745
    auprc: 0.8237230777740479
    auroc: 0.9017900228500366
    loss: 1.0255656242370605
