data:
  dataset_name: cora,citeseer,pubmed
  khop: 2
experiment:
  n_splits: 100
  n_trials: 1
model:
  basepoint: false
  diff: false
  dropout: 0.9
  gnn_type: GSN
  jk_type: null
  l2_reg: 0.01
  learn_embedding: false
  n_depth: 1
  n_features: 64
  n_levels: 2
  n_post: 0
  n_pre: 0
  n_steps: 5
  norm_type: layer
opt:
  es_patience: 50
  lr_init: 0.01
  mode: min
  monitor: val_loss
  n_epochs: 1000
results:
  test:
    acc: 0.7703306674957275
    auprc: 0.8397522568702698
    auroc: 0.9130846858024597
    loss: 0.8697352409362793
  train:
    acc: 1.0
    auprc: 0.9999999403953552
    auroc: 0.9999995827674866
    loss: 0.16538409888744354
  val:
    acc: 0.7444444894790649
    auprc: 0.8604236841201782
    auroc: 0.9204940795898438
    loss: 0.8247379064559937
