data:
  dataset_name: cora,citeseer,pubmed
  khop: 2
experiment:
  n_splits: 100
  n_trials: 1
model:
  basepoint: false
  diff: false
  dropout: 0.9
  gnn_type: GSN
  jk_type: null
  l2_reg: 0.01
  learn_embedding: false
  n_depth: 1
  n_features: 64
  n_levels: 2
  n_post: 0
  n_pre: 0
  n_steps: 5
  norm_type: layer
opt:
  es_patience: 50
  lr_init: 0.01
  mode: min
  monitor: val_loss
  n_epochs: 1000
results:
  test:
    acc: 0.7750556468963623
    auprc: 0.8549343347549438
    auroc: 0.9195288419723511
    loss: 0.8109184503555298
  train:
    acc: 1.0
    auprc: 1.0000001192092896
    auroc: 0.9999999403953552
    loss: 0.18031087517738342
  val:
    acc: 0.7555556297302246
    auprc: 0.872864305973053
    auroc: 0.9263584017753601
    loss: 0.7926870584487915
