data:
  dataset_name: cora,citeseer,pubmed
  khop: 1
experiment:
  n_splits: 100
  n_trials: 1
model:
  basepoint: false
  diff: false
  dropout: 0.9
  gnn_type: GSN
  jk_type: null
  l2_reg: 0.01
  learn_embedding: false
  n_depth: 1
  n_features: 64
  n_levels: 2
  n_post: 0
  n_pre: 0
  n_steps: 5
  norm_type: layer
opt:
  es_patience: 50
  lr_init: 0.01
  mode: min
  monitor: val_loss
  n_epochs: 1000
results:
  test:
    acc: 0.8000583648681641
    auprc: 0.8810302019119263
    auroc: 0.9342833757400513
    loss: 0.7102903723716736
  train:
    acc: 1.0
    auprc: 1.000001072883606
    auroc: 0.9999998211860657
    loss: 0.19696056842803955
  val:
    acc: 0.7777777910232544
    auprc: 0.9004983305931091
    auroc: 0.9454630613327026
    loss: 0.6456305384635925
