data:
  dataset_name: cora,citeseer,pubmed
  khop: 1
experiment:
  n_splits: 100
  n_trials: 1
model:
  attn_dropout: 0.3
  basepoint: false
  diff: false
  dropout: 0.9
  gnn_type: GSAN
  jk_type: null
  l2_reg: 0.01
  learn_embedding: false
  n_depth: 1
  n_features: 64
  n_heads: 8
  n_levels: 2
  n_post: 0
  n_pre: 0
  n_steps: 5
  norm_type: layer
opt:
  es_patience: 50
  lr_init: 0.01
  mode: min
  monitor: val_loss
  n_epochs: 1000
results:
  test:
    acc: 0.7480560541152954
    auprc: 0.8328806161880493
    auroc: 0.9071340560913086
    loss: 0.8360083103179932
  train:
    acc: 1.0
    auprc: 1.0000004768371582
    auroc: 0.9999998211860657
    loss: 0.29910174012184143
  val:
    acc: 0.6666666865348816
    auprc: 0.7479243278503418
    auroc: 0.8681172132492065
    loss: 0.9778492450714111
