data:
  dataset_name: cora,citeseer,pubmed
  khop: 2
experiment:
  n_splits: 100
  n_trials: 1
model:
  basepoint: false
  diff: false
  dropout: 0.9
  gnn_type: GSN
  jk_type: null
  l2_reg: 0.01
  learn_embedding: false
  n_depth: 1
  n_features: 64
  n_levels: 2
  n_post: 0
  n_pre: 0
  n_steps: 5
  norm_type: layer
opt:
  es_patience: 50
  lr_init: 0.01
  mode: min
  monitor: val_loss
  n_epochs: 1000
results:
  test:
    acc: 0.7757549285888672
    auprc: 0.8452449440956116
    auroc: 0.9127395749092102
    loss: 0.8963887095451355
  train:
    acc: 1.0
    auprc: 1.0
    auroc: 0.9999998211860657
    loss: 0.11775318533182144
  val:
    acc: 0.7777777910232544
    auprc: 0.8493098020553589
    auroc: 0.9238895773887634
    loss: 0.779566764831543
