data:
  dataset_name: cora,citeseer,pubmed
  khop: 2
experiment:
  n_splits: 100
  n_trials: 1
model:
  attn_dropout: 0.3
  basepoint: false
  diff: false
  dropout: 0.9
  gnn_type: GSAN
  jk_type: null
  l2_reg: 0.01
  learn_embedding: false
  n_depth: 1
  n_features: 64
  n_heads: 8
  n_levels: 2
  n_post: 0
  n_pre: 0
  n_steps: 5
  norm_type: layer
opt:
  es_patience: 50
  lr_init: 0.01
  mode: min
  monitor: val_loss
  n_epochs: 1000
results:
  test:
    acc: 0.7698915004730225
    auprc: 0.8412079811096191
    auroc: 0.9142879247665405
    loss: 0.8117075562477112
  train:
    acc: 1.0
    auprc: 1.0000005960464478
    auroc: 1.000000238418579
    loss: 0.24326978623867035
  val:
    acc: 0.8222222924232483
    auprc: 0.8708899617195129
    auroc: 0.9237348437309265
    loss: 0.7791714072227478
