data:
  dataset_name: cora,citeseer,pubmed
experiment:
  n_splits: 100
  n_trials: 1
model:
  attn_dropout: 0.3
  basepoint: false
  diff: false
  dropout: 0.9
  gnn_type: GSAN
  jk_type: null
  l2_reg: 0.01
  learn_embedding: false
  n_depth: 1
  n_features: 64
  n_heads: 8
  n_levels: 2
  n_post: 0
  n_pre: 0
  n_steps: 5
  norm_type: layer
opt:
  es_patience: 50
  lr_init: 0.01
  mode: min
  monitor: val_loss
  n_epochs: 1000
results:
  test:
    acc: 0.792098879814148
    auprc: 0.864597499370575
    auroc: 0.9262679815292358
    loss: 0.7508591413497925
  train:
    acc: 1.0
    auprc: 0.9999998807907104
    auroc: 0.9999998807907104
    loss: 0.2510712146759033
  val:
    acc: 0.7333333492279053
    auprc: 0.8363806009292603
    auroc: 0.9066049456596375
    loss: 0.8268405199050903
