data:
  dataset_name: cora,citeseer,pubmed
  khop: 2
experiment:
  n_splits: 100
  n_trials: 1
model:
  basepoint: false
  diff: false
  dropout: 0.9
  gnn_type: GSN
  jk_type: null
  l2_reg: 0.01
  learn_embedding: false
  n_depth: 1
  n_features: 64
  n_levels: 2
  n_post: 0
  n_pre: 0
  n_steps: 5
  norm_type: layer
opt:
  es_patience: 50
  lr_init: 0.01
  mode: min
  monitor: val_loss
  n_epochs: 1000
results:
  test:
    acc: 0.7797998189926147
    auprc: 0.8577933311462402
    auroc: 0.9227581024169922
    loss: 0.7936989068984985
  train:
    acc: 1.0
    auprc: 1.0
    auroc: 1.0
    loss: 0.23552636802196503
  val:
    acc: 0.8333333730697632
    auprc: 0.8677505254745483
    auroc: 0.9308645129203796
    loss: 0.7559757232666016
