data:
  dataset_name: cora,citeseer,pubmed
experiment:
  n_splits: 100
  n_trials: 1
model:
  attn_dropout: 0.3
  basepoint: false
  diff: false
  dropout: 0.9
  gnn_type: GSAN
  jk_type: null
  l2_reg: 0.01
  learn_embedding: false
  n_depth: 1
  n_features: 64
  n_heads: 8
  n_levels: 2
  n_post: 0
  n_pre: 0
  n_steps: 5
  norm_type: layer
opt:
  es_patience: 50
  lr_init: 0.01
  mode: min
  monitor: val_loss
  n_epochs: 1000
results:
  test:
    acc: 0.7796801924705505
    auprc: 0.8467875719070435
    auroc: 0.91606605052948
    loss: 0.894037127494812
  train:
    acc: 1.0
    auprc: 1.0
    auroc: 0.9999995827674866
    loss: 0.21895398199558258
  val:
    acc: 0.7777777910232544
    auprc: 0.8395211696624756
    auroc: 0.907932460308075
    loss: 0.9567864537239075
