data:
  dataset_name: cora,citeseer,pubmed
  khop: 1
experiment:
  n_splits: 100
  n_trials: 1
model:
  basepoint: false
  diff: false
  dropout: 0.9
  gnn_type: GSN
  jk_type: null
  l2_reg: 0.01
  learn_embedding: false
  n_depth: 1
  n_features: 64
  n_levels: 2
  n_post: 0
  n_pre: 0
  n_steps: 5
  norm_type: layer
opt:
  es_patience: 50
  lr_init: 0.01
  mode: min
  monitor: val_loss
  n_epochs: 1000
results:
  test:
    acc: 0.7937765121459961
    auprc: 0.872739851474762
    auroc: 0.9311104416847229
    loss: 0.6961682438850403
  train:
    acc: 1.0
    auprc: 1.0000005960464478
    auroc: 0.9999998807907104
    loss: 0.21904002130031586
  val:
    acc: 0.7444444894790649
    auprc: 0.8160659074783325
    auroc: 0.9000001549720764
    loss: 0.863412618637085
