data:
  dataset_name: cora,citeseer,pubmed
  khop: 1
experiment:
  n_splits: 100
  n_trials: 1
model:
  basepoint: false
  diff: false
  dropout: 0.9
  gnn_type: GSN
  jk_type: null
  l2_reg: 0.01
  learn_embedding: false
  n_depth: 1
  n_features: 64
  n_levels: 2
  n_post: 0
  n_pre: 0
  n_steps: 5
  norm_type: layer
opt:
  es_patience: 50
  lr_init: 0.01
  mode: min
  monitor: val_loss
  n_epochs: 1000
results:
  test:
    acc: 0.7880197763442993
    auprc: 0.8605132102966309
    auroc: 0.9241880178451538
    loss: 0.8236258625984192
  train:
    acc: 1.0
    auprc: 1.0000007152557373
    auroc: 1.0000001192092896
    loss: 0.3235224485397339
  val:
    acc: 0.7444444298744202
    auprc: 0.8455227017402649
    auroc: 0.9143825173377991
    loss: 0.928216814994812
