data:
  dataset_name: cora,citeseer,pubmed
  khop: 1
experiment:
  n_splits: 100
  n_trials: 1
model:
  basepoint: false
  diff: false
  dropout: 0.9
  gnn_type: GSN
  jk_type: null
  l2_reg: 0.01
  learn_embedding: false
  n_depth: 1
  n_features: 64
  n_levels: 2
  n_post: 0
  n_pre: 0
  n_steps: 5
  norm_type: layer
opt:
  es_patience: 50
  lr_init: 0.01
  mode: min
  monitor: val_loss
  n_epochs: 1000
results:
  test:
    acc: 0.7775148153305054
    auprc: 0.8489553928375244
    auroc: 0.9180970788002014
    loss: 0.8077785968780518
  train:
    acc: 1.0
    auprc: 1.0
    auroc: 0.9999997019767761
    loss: 0.1633589267730713
  val:
    acc: 0.7999999523162842
    auprc: 0.8733783960342407
    auroc: 0.9318212270736694
    loss: 0.716155469417572
