data:
  dataset_name: cora,citeseer,pubmed
  khop: 2
experiment:
  n_splits: 100
  n_trials: 1
model:
  attn_dropout: 0.3
  basepoint: false
  diff: false
  dropout: 0.9
  gnn_type: GSAN
  jk_type: null
  l2_reg: 0.01
  learn_embedding: false
  n_depth: 1
  n_features: 64
  n_heads: 8
  n_levels: 2
  n_post: 0
  n_pre: 0
  n_steps: 5
  norm_type: layer
opt:
  es_patience: 50
  lr_init: 0.01
  mode: min
  monitor: val_loss
  n_epochs: 1000
results:
  test:
    acc: 0.7703872323036194
    auprc: 0.848700761795044
    auroc: 0.9140720963478088
    loss: 0.8613086938858032
  train:
    acc: 1.0
    auprc: 1.0000001192092896
    auroc: 0.9999998807907104
    loss: 0.21579083800315857
  val:
    acc: 0.8000000715255737
    auprc: 0.8201721906661987
    auroc: 0.9035190343856812
    loss: 0.8882195949554443
