data:
  dataset_name: cora,citeseer,pubmed
experiment:
  n_splits: 100
  n_trials: 1
model:
  attn_dropout: 0.3
  basepoint: false
  diff: false
  dropout: 0.9
  gnn_type: GSAN
  jk_type: null
  l2_reg: 0.01
  learn_embedding: false
  n_depth: 1
  n_features: 64
  n_heads: 8
  n_levels: 2
  n_post: 0
  n_pre: 0
  n_steps: 5
  norm_type: layer
opt:
  es_patience: 50
  lr_init: 0.01
  mode: min
  monitor: val_loss
  n_epochs: 1000
results:
  test:
    acc: 0.7755404710769653
    auprc: 0.8527601361274719
    auroc: 0.9203901290893555
    loss: 0.7960740923881531
  train:
    acc: 0.98333340883255
    auprc: 0.9978008270263672
    auroc: 0.9988889694213867
    loss: 0.3821800649166107
  val:
    acc: 0.6777777671813965
    auprc: 0.8038491606712341
    auroc: 0.8864508271217346
    loss: 0.9469896554946899
