data:
  dataset_name: cora,citeseer,pubmed
experiment:
  n_splits: 100
  n_trials: 1
model:
  attn_dropout: 0.3
  basepoint: false
  diff: false
  dropout: 0.9
  gnn_type: GSAN
  jk_type: null
  l2_reg: 0.01
  learn_embedding: false
  n_depth: 1
  n_features: 64
  n_heads: 8
  n_levels: 2
  n_post: 0
  n_pre: 0
  n_steps: 5
  norm_type: layer
opt:
  es_patience: 50
  lr_init: 0.01
  mode: min
  monitor: val_loss
  n_epochs: 1000
results:
  test:
    acc: 0.7333776354789734
    auprc: 0.8199350833892822
    auroc: 0.8978593349456787
    loss: 0.8751635551452637
  train:
    acc: 0.9666666388511658
    auprc: 0.9983642101287842
    auroc: 0.9991667866706848
    loss: 0.36032968759536743
  val:
    acc: 0.6777778267860413
    auprc: 0.7335900068283081
    auroc: 0.8671606779098511
    loss: 0.9810651540756226
