data:
  dataset_name: cora,citeseer,pubmed
  khop: 1
experiment:
  n_splits: 100
  n_trials: 1
model:
  attn_dropout: 0.3
  basepoint: false
  diff: false
  dropout: 0.9
  gnn_type: GSAN
  jk_type: null
  l2_reg: 0.01
  learn_embedding: false
  n_depth: 1
  n_features: 64
  n_heads: 8
  n_levels: 2
  n_post: 0
  n_pre: 0
  n_steps: 5
  norm_type: layer
opt:
  es_patience: 50
  lr_init: 0.01
  mode: min
  monitor: val_loss
  n_epochs: 1000
results:
  test:
    acc: 0.7777456045150757
    auprc: 0.8399008512496948
    auroc: 0.9134544730186462
    loss: 0.8410123586654663
  train:
    acc: 0.9833333492279053
    auprc: 0.9997249841690063
    auroc: 0.9998611807823181
    loss: 0.28979817032814026
  val:
    acc: 0.7777776718139648
    auprc: 0.8524364829063416
    auroc: 0.9168211221694946
    loss: 0.8361365795135498
