data:
  dataset_name: cora,citeseer,pubmed
  khop: 2
experiment:
  n_splits: 100
  n_trials: 1
model:
  attn_dropout: 0.3
  basepoint: false
  diff: false
  dropout: 0.9
  gnn_type: GSAN
  jk_type: null
  l2_reg: 0.01
  learn_embedding: false
  n_depth: 1
  n_features: 64
  n_heads: 8
  n_levels: 2
  n_post: 0
  n_pre: 0
  n_steps: 5
  norm_type: layer
opt:
  es_patience: 50
  lr_init: 0.01
  mode: min
  monitor: val_loss
  n_epochs: 1000
results:
  test:
    acc: 0.7738043069839478
    auprc: 0.8362447619438171
    auroc: 0.9096799492835999
    loss: 0.8596135377883911
  train:
    acc: 1.0
    auprc: 0.9999998807907104
    auroc: 0.9999996423721313
    loss: 0.14069393277168274
  val:
    acc: 0.7555556297302246
    auprc: 0.8721160888671875
    auroc: 0.9267594814300537
    loss: 0.8042868375778198
