data:
  dataset_name: cora,citeseer,pubmed
experiment:
  n_splits: 100
  n_trials: 1
model:
  attn_dropout: 0.3
  basepoint: false
  diff: false
  dropout: 0.9
  gnn_type: GSAN
  jk_type: null
  l2_reg: 0.01
  learn_embedding: false
  n_depth: 1
  n_features: 64
  n_heads: 8
  n_levels: 2
  n_post: 0
  n_pre: 0
  n_steps: 5
  norm_type: layer
opt:
  es_patience: 50
  lr_init: 0.01
  mode: min
  monitor: val_loss
  n_epochs: 1000
results:
  test:
    acc: 0.7841264009475708
    auprc: 0.8607040643692017
    auroc: 0.9243294596672058
    loss: 0.7573305368423462
  train:
    acc: 1.0
    auprc: 0.9999998807907104
    auroc: 0.9999997615814209
    loss: 0.22836020588874817
  val:
    acc: 0.6777778267860413
    auprc: 0.7211531400680542
    auroc: 0.8533950448036194
    loss: 1.0784424543380737
