data:
  dataset_name: cora,citeseer,pubmed
experiment:
  n_splits: 100
  n_trials: 1
model:
  attn_dropout: 0.3
  basepoint: false
  diff: false
  dropout: 0.9
  gnn_type: GSAN
  jk_type: null
  l2_reg: 0.01
  learn_embedding: false
  n_depth: 1
  n_features: 64
  n_heads: 8
  n_levels: 2
  n_post: 0
  n_pre: 0
  n_steps: 5
  norm_type: layer
opt:
  es_patience: 50
  lr_init: 0.01
  mode: min
  monitor: val_loss
  n_epochs: 1000
results:
  test:
    acc: 0.8040578961372375
    auprc: 0.868303656578064
    auroc: 0.9224461317062378
    loss: 0.824275016784668
  train:
    acc: 1.0
    auprc: 1.000000238418579
    auroc: 0.9999999403953552
    loss: 0.1719808131456375
  val:
    acc: 0.7888888120651245
    auprc: 0.8285960555076599
    auroc: 0.8954631090164185
    loss: 0.9532978534698486
