data:
  dataset_name: cora,citeseer,pubmed
  khop: 1
experiment:
  n_splits: 100
  n_trials: 1
model:
  basepoint: false
  diff: false
  dropout: 0.9
  gnn_type: GSN
  jk_type: null
  l2_reg: 0.01
  learn_embedding: false
  n_depth: 1
  n_features: 64
  n_levels: 2
  n_post: 0
  n_pre: 0
  n_steps: 5
  norm_type: layer
opt:
  es_patience: 50
  lr_init: 0.01
  mode: min
  monitor: val_loss
  n_epochs: 1000
results:
  test:
    acc: 0.7353219985961914
    auprc: 0.8072620630264282
    auroc: 0.8942016363143921
    loss: 1.0156687498092651
  train:
    acc: 1.0
    auprc: 1.0
    auroc: 0.9999993443489075
    loss: 0.11457254737615585
  val:
    acc: 0.7333332896232605
    auprc: 0.8127018213272095
    auroc: 0.8951549530029297
    loss: 1.02462637424469
