data:
  dataset_name: cora,citeseer,pubmed
experiment:
  n_splits: 100
  n_trials: 1
model:
  attn_dropout: 0.3
  basepoint: false
  diff: false
  dropout: 0.9
  gnn_type: GSAN
  jk_type: null
  l2_reg: 0.01
  learn_embedding: false
  n_depth: 1
  n_features: 64
  n_heads: 8
  n_levels: 2
  n_post: 0
  n_pre: 0
  n_steps: 5
  norm_type: layer
opt:
  es_patience: 50
  lr_init: 0.01
  mode: min
  monitor: val_loss
  n_epochs: 1000
results:
  test:
    acc: 0.7752849459648132
    auprc: 0.8499265909194946
    auroc: 0.918144941329956
    loss: 0.7868824601173401
  train:
    acc: 1.0
    auprc: 1.0
    auroc: 0.9999997615814209
    loss: 0.24302829802036285
  val:
    acc: 0.7222222685813904
    auprc: 0.8199429512023926
    auroc: 0.8976545333862305
    loss: 0.9192721247673035
