data:
  dataset_name: cora,citeseer,pubmed
  khop: 1
experiment:
  n_splits: 100
  n_trials: 1
model:
  basepoint: false
  diff: false
  dropout: 0.9
  gnn_type: GSN
  jk_type: null
  l2_reg: 0.01
  learn_embedding: false
  n_depth: 1
  n_features: 64
  n_levels: 2
  n_post: 0
  n_pre: 0
  n_steps: 5
  norm_type: layer
opt:
  es_patience: 50
  lr_init: 0.01
  mode: min
  monitor: val_loss
  n_epochs: 1000
results:
  test:
    acc: 0.7738897800445557
    auprc: 0.8500365018844604
    auroc: 0.9155675768852234
    loss: 0.8353826999664307
  train:
    acc: 1.0
    auprc: 1.0000003576278687
    auroc: 0.9999997615814209
    loss: 0.2252437174320221
  val:
    acc: 0.7555556297302246
    auprc: 0.8466312289237976
    auroc: 0.9141053557395935
    loss: 0.8530067801475525
