data:
  dataset_name: cora,citeseer,pubmed
  khop: 2
experiment:
  n_splits: 100
  n_trials: 1
model:
  basepoint: false
  diff: false
  dropout: 0.9
  gnn_type: GSN
  jk_type: null
  l2_reg: 0.01
  learn_embedding: false
  n_depth: 1
  n_features: 64
  n_levels: 2
  n_post: 0
  n_pre: 0
  n_steps: 5
  norm_type: layer
opt:
  es_patience: 50
  lr_init: 0.01
  mode: min
  monitor: val_loss
  n_epochs: 1000
results:
  test:
    acc: 0.7772299647331238
    auprc: 0.8658961653709412
    auroc: 0.9220001101493835
    loss: 0.8022589683532715
  train:
    acc: 1.0
    auprc: 1.0000011920928955
    auroc: 1.000000238418579
    loss: 0.2279965579509735
  val:
    acc: 0.7666667699813843
    auprc: 0.823806643486023
    auroc: 0.8991052508354187
    loss: 0.9332314729690552
