data:
  dataset_name: cora,citeseer,pubmed
  khop: 2
experiment:
  n_splits: 100
  n_trials: 1
model:
  attn_dropout: 0.3
  basepoint: false
  diff: false
  dropout: 0.9
  gnn_type: GSAN
  jk_type: null
  l2_reg: 0.01
  learn_embedding: false
  n_depth: 1
  n_features: 64
  n_heads: 8
  n_levels: 2
  n_post: 0
  n_pre: 0
  n_steps: 5
  norm_type: layer
opt:
  es_patience: 50
  lr_init: 0.01
  mode: min
  monitor: val_loss
  n_epochs: 1000
results:
  test:
    acc: 0.7805852293968201
    auprc: 0.8362167477607727
    auroc: 0.9083265662193298
    loss: 0.8798079490661621
  train:
    acc: 0.9833333492279053
    auprc: 0.9983456134796143
    auroc: 0.9991666674613953
    loss: 0.38348206877708435
  val:
    acc: 0.7777778506278992
    auprc: 0.8396904468536377
    auroc: 0.9043209552764893
    loss: 0.9128201007843018
