data:
  dataset_name: cora,citeseer,pubmed
  khop: 1
experiment:
  n_splits: 100
  n_trials: 1
model:
  attn_dropout: 0.3
  basepoint: false
  diff: false
  dropout: 0.9
  gnn_type: GSAN
  jk_type: null
  l2_reg: 0.01
  learn_embedding: false
  n_depth: 1
  n_features: 64
  n_heads: 8
  n_levels: 2
  n_post: 0
  n_pre: 0
  n_steps: 5
  norm_type: layer
opt:
  es_patience: 50
  lr_init: 0.01
  mode: min
  monitor: val_loss
  n_epochs: 1000
results:
  test:
    acc: 0.7929813861846924
    auprc: 0.8667587041854858
    auroc: 0.925740659236908
    loss: 0.7413544654846191
  train:
    acc: 1.0
    auprc: 1.0000005960464478
    auroc: 1.0
    loss: 0.21624967455863953
  val:
    acc: 0.7777777910232544
    auprc: 0.8799157738685608
    auroc: 0.9249693155288696
    loss: 0.7475072145462036
