data:
  dataset_name: cora,citeseer,pubmed
  khop: 2
experiment:
  n_splits: 100
  n_trials: 1
model:
  attn_dropout: 0.3
  basepoint: false
  diff: false
  dropout: 0.9
  gnn_type: GSAN
  jk_type: null
  l2_reg: 0.01
  learn_embedding: false
  n_depth: 1
  n_features: 64
  n_heads: 8
  n_levels: 2
  n_post: 0
  n_pre: 0
  n_steps: 5
  norm_type: layer
opt:
  es_patience: 50
  lr_init: 0.01
  mode: min
  monitor: val_loss
  n_epochs: 1000
results:
  test:
    acc: 0.7587917447090149
    auprc: 0.8356122374534607
    auroc: 0.9065253138542175
    loss: 0.8691759705543518
  train:
    acc: 1.0
    auprc: 1.0000001192092896
    auroc: 1.0
    loss: 0.24095319211483002
  val:
    acc: 0.7222222685813904
    auprc: 0.8118762969970703
    auroc: 0.8848459720611572
    loss: 0.9767425656318665
