data:
  dataset_name: cora,citeseer,pubmed
  khop: 2
experiment:
  n_splits: 100
  n_trials: 1
model:
  attn_dropout: 0.3
  basepoint: false
  diff: false
  dropout: 0.9
  gnn_type: GSAN
  jk_type: null
  l2_reg: 0.01
  learn_embedding: false
  n_depth: 1
  n_features: 64
  n_heads: 8
  n_levels: 2
  n_post: 0
  n_pre: 0
  n_steps: 5
  norm_type: layer
opt:
  es_patience: 50
  lr_init: 0.01
  mode: min
  monitor: val_loss
  n_epochs: 1000
results:
  test:
    acc: 0.7470747232437134
    auprc: 0.8046993017196655
    auroc: 0.8937646150588989
    loss: 1.0119328498840332
  train:
    acc: 1.0
    auprc: 1.000001311302185
    auroc: 1.0000003576278687
    loss: 0.2692446708679199
  val:
    acc: 0.7666667103767395
    auprc: 0.8236601948738098
    auroc: 0.8992903828620911
    loss: 0.920498788356781
