data:
  dataset_name: cora,citeseer,pubmed
  khop: 2
experiment:
  n_splits: 100
  n_trials: 1
model:
  attn_dropout: 0.3
  basepoint: false
  diff: false
  dropout: 0.9
  gnn_type: GSAN
  jk_type: null
  l2_reg: 0.01
  learn_embedding: false
  n_depth: 1
  n_features: 64
  n_heads: 8
  n_levels: 2
  n_post: 0
  n_pre: 0
  n_steps: 5
  norm_type: layer
opt:
  es_patience: 50
  lr_init: 0.01
  mode: min
  monitor: val_loss
  n_epochs: 1000
results:
  test:
    acc: 0.7162162661552429
    auprc: 0.7554386258125305
    auroc: 0.869510293006897
    loss: 1.1674916744232178
  train:
    acc: 1.0
    auprc: 1.0000003576278687
    auroc: 0.9999997615814209
    loss: 0.2953606843948364
  val:
    acc: 0.7111111879348755
    auprc: 0.845151424407959
    auroc: 0.9054017066955566
    loss: 0.9933853149414062
