data:
  dataset_name: cora,citeseer,pubmed
experiment:
  n_splits: 100
  n_trials: 1
model:
  attn_dropout: 0.3
  basepoint: false
  diff: false
  dropout: 0.9
  gnn_type: GSAN
  jk_type: null
  l2_reg: 0.01
  learn_embedding: false
  n_depth: 1
  n_features: 64
  n_heads: 8
  n_levels: 2
  n_post: 0
  n_pre: 0
  n_steps: 5
  norm_type: layer
opt:
  es_patience: 50
  lr_init: 0.01
  mode: min
  monitor: val_loss
  n_epochs: 1000
results:
  test:
    acc: 0.7906680107116699
    auprc: 0.8678709268569946
    auroc: 0.9273104071617126
    loss: 0.7851855158805847
  train:
    acc: 0.98333340883255
    auprc: 0.9997245073318481
    auroc: 0.9998608827590942
    loss: 0.26080524921417236
  val:
    acc: 0.7222222089767456
    auprc: 0.8205752372741699
    auroc: 0.8978707194328308
    loss: 0.9276925921440125
