data:
  dataset_name: cora,citeseer,pubmed
  khop: 2
experiment:
  n_splits: 100
  n_trials: 1
model:
  attn_dropout: 0.3
  basepoint: false
  diff: false
  dropout: 0.9
  gnn_type: GSAN
  jk_type: null
  l2_reg: 0.01
  learn_embedding: false
  n_depth: 1
  n_features: 64
  n_heads: 8
  n_levels: 2
  n_post: 0
  n_pre: 0
  n_steps: 5
  norm_type: layer
opt:
  es_patience: 50
  lr_init: 0.01
  mode: min
  monitor: val_loss
  n_epochs: 1000
results:
  test:
    acc: 0.7628911733627319
    auprc: 0.8198391199111938
    auroc: 0.9055200815200806
    loss: 0.8649115562438965
  train:
    acc: 1.0
    auprc: 1.0
    auroc: 0.9999999403953552
    loss: 0.2469525784254074
  val:
    acc: 0.7777777910232544
    auprc: 0.7589959502220154
    auroc: 0.871481716632843
    loss: 1.0308668613433838
