data:
  dataset_name: cora,citeseer,pubmed
  khop: 2
experiment:
  n_splits: 100
  n_trials: 1
model:
  basepoint: false
  diff: false
  dropout: 0.9
  gnn_type: GSN
  jk_type: null
  l2_reg: 0.01
  learn_embedding: false
  n_depth: 1
  n_features: 64
  n_levels: 2
  n_post: 0
  n_pre: 0
  n_steps: 5
  norm_type: layer
opt:
  es_patience: 50
  lr_init: 0.01
  mode: min
  monitor: val_loss
  n_epochs: 1000
results:
  test:
    acc: 0.7758927941322327
    auprc: 0.8489585518836975
    auroc: 0.9163869023323059
    loss: 0.7984812259674072
  train:
    acc: 1.0
    auprc: 1.000000238418579
    auroc: 1.0
    loss: 0.1755104809999466
  val:
    acc: 0.8666667342185974
    auprc: 0.8992835283279419
    auroc: 0.951234757900238
    loss: 0.5917872786521912
