data:
  dataset_name: cora,citeseer,pubmed
experiment:
  n_splits: 100
  n_trials: 1
model:
  attn_dropout: 0.3
  basepoint: false
  diff: false
  dropout: 0.9
  gnn_type: GSAN
  jk_type: null
  l2_reg: 0.01
  learn_embedding: false
  n_depth: 1
  n_features: 64
  n_heads: 8
  n_levels: 2
  n_post: 0
  n_pre: 0
  n_steps: 5
  norm_type: layer
opt:
  es_patience: 50
  lr_init: 0.01
  mode: min
  monitor: val_loss
  n_epochs: 1000
results:
  test:
    acc: 0.7963919043540955
    auprc: 0.8610416650772095
    auroc: 0.922947108745575
    loss: 0.8763721585273743
  train:
    acc: 0.9833333492279053
    auprc: 0.9997247457504272
    auroc: 0.9998612403869629
    loss: 0.1317853033542633
  val:
    acc: 0.8222222924232483
    auprc: 0.8785527348518372
    auroc: 0.9271610379219055
    loss: 0.8204861879348755
