data:
  dataset_name: cora,citeseer,pubmed
  khop: 2
experiment:
  n_splits: 100
  n_trials: 1
model:
  basepoint: false
  diff: false
  dropout: 0.9
  gnn_type: GSN
  jk_type: null
  l2_reg: 0.01
  learn_embedding: false
  n_depth: 1
  n_features: 64
  n_levels: 2
  n_post: 0
  n_pre: 0
  n_steps: 5
  norm_type: layer
opt:
  es_patience: 50
  lr_init: 0.01
  mode: min
  monitor: val_loss
  n_epochs: 1000
results:
  test:
    acc: 0.757481038570404
    auprc: 0.8433138132095337
    auroc: 0.9140784740447998
    loss: 0.8550033569335938
  train:
    acc: 1.0
    auprc: 1.0000003576278687
    auroc: 1.0
    loss: 0.2639400362968445
  val:
    acc: 0.7666667103767395
    auprc: 0.8441515564918518
    auroc: 0.9113274216651917
    loss: 0.9199180006980896
