data:
  dataset_name: cora,citeseer,pubmed
  khop: 1
experiment:
  n_splits: 100
  n_trials: 1
model:
  basepoint: false
  diff: false
  dropout: 0.9
  gnn_type: GSN
  jk_type: null
  l2_reg: 0.01
  learn_embedding: false
  n_depth: 1
  n_features: 64
  n_levels: 2
  n_post: 0
  n_pre: 0
  n_steps: 5
  norm_type: layer
opt:
  es_patience: 50
  lr_init: 0.01
  mode: min
  monitor: val_loss
  n_epochs: 1000
results:
  test:
    acc: 0.7865486741065979
    auprc: 0.8420957326889038
    auroc: 0.912634551525116
    loss: 0.8858754634857178
  train:
    acc: 1.0
    auprc: 0.9999998211860657
    auroc: 0.999999463558197
    loss: 0.06357007473707199
  val:
    acc: 0.822222113609314
    auprc: 0.8240547180175781
    auroc: 0.903117835521698
    loss: 0.896848201751709
