data:
  dataset_name: cora,citeseer,pubmed
  khop: 2
experiment:
  n_splits: 100
  n_trials: 1
model:
  basepoint: false
  diff: false
  dropout: 0.9
  gnn_type: GSN
  jk_type: null
  l2_reg: 0.01
  learn_embedding: false
  n_depth: 1
  n_features: 64
  n_levels: 2
  n_post: 0
  n_pre: 0
  n_steps: 5
  norm_type: layer
opt:
  es_patience: 50
  lr_init: 0.01
  mode: min
  monitor: val_loss
  n_epochs: 1000
results:
  test:
    acc: 0.7428315281867981
    auprc: 0.8036634922027588
    auroc: 0.8940029144287109
    loss: 0.9774548411369324
  train:
    acc: 1.0
    auprc: 1.0000001192092896
    auroc: 1.0
    loss: 0.19056177139282227
  val:
    acc: 0.7777777910232544
    auprc: 0.8702330589294434
    auroc: 0.9169756174087524
    loss: 0.8592050075531006
