data:
  dataset_name: cora,citeseer,pubmed
  khop: 1
experiment:
  n_splits: 100
  n_trials: 1
model:
  attn_dropout: 0.3
  basepoint: false
  diff: false
  dropout: 0.9
  gnn_type: GSAN
  jk_type: null
  l2_reg: 0.01
  learn_embedding: false
  n_depth: 1
  n_features: 64
  n_heads: 8
  n_levels: 2
  n_post: 0
  n_pre: 0
  n_steps: 5
  norm_type: layer
opt:
  es_patience: 50
  lr_init: 0.01
  mode: min
  monitor: val_loss
  n_epochs: 1000
results:
  test:
    acc: 0.7875877618789673
    auprc: 0.8205137252807617
    auroc: 0.9070494771003723
    loss: 0.919249951839447
  train:
    acc: 1.0
    auprc: 1.0000011920928955
    auroc: 0.9999998807907104
    loss: 0.22596797347068787
  val:
    acc: 0.7777777910232544
    auprc: 0.836161196231842
    auroc: 0.9069137573242188
    loss: 0.9108006954193115
