data:
  dataset_name: cora,citeseer,pubmed
  khop: 2
experiment:
  n_splits: 100
  n_trials: 1
model:
  basepoint: false
  diff: false
  dropout: 0.9
  gnn_type: GSN
  jk_type: null
  l2_reg: 0.01
  learn_embedding: false
  n_depth: 1
  n_features: 64
  n_levels: 2
  n_post: 0
  n_pre: 0
  n_steps: 5
  norm_type: layer
opt:
  es_patience: 50
  lr_init: 0.01
  mode: min
  monitor: val_loss
  n_epochs: 1000
results:
  test:
    acc: 0.7758620977401733
    auprc: 0.817719042301178
    auroc: 0.9041725397109985
    loss: 0.8775457739830017
  train:
    acc: 1.0
    auprc: 1.0000001192092896
    auroc: 1.0
    loss: 0.11190144717693329
  val:
    acc: 0.800000011920929
    auprc: 0.8239428997039795
    auroc: 0.9144755601882935
    loss: 0.8517717123031616
