data:
  dataset_name: cora,citeseer,pubmed
  khop: 1
experiment:
  n_splits: 100
  n_trials: 1
model:
  attn_dropout: 0.3
  basepoint: false
  diff: false
  dropout: 0.9
  gnn_type: GSAN
  jk_type: null
  l2_reg: 0.01
  learn_embedding: false
  n_depth: 1
  n_features: 64
  n_heads: 8
  n_levels: 2
  n_post: 0
  n_pre: 0
  n_steps: 5
  norm_type: layer
opt:
  es_patience: 50
  lr_init: 0.01
  mode: min
  monitor: val_loss
  n_epochs: 1000
results:
  test:
    acc: 0.767837643623352
    auprc: 0.8289669752120972
    auroc: 0.9060978293418884
    loss: 0.9665276408195496
  train:
    acc: 1.0
    auprc: 1.0000007152557373
    auroc: 0.9999998807907104
    loss: 0.19484303891658783
  val:
    acc: 0.7888888120651245
    auprc: 0.8072053790092468
    auroc: 0.8997224569320679
    loss: 0.9811559319496155
