data:
  dataset_name: cora,citeseer,pubmed
  khop: 1
experiment:
  n_splits: 100
  n_trials: 1
model:
  basepoint: false
  diff: false
  dropout: 0.9
  gnn_type: GSN
  jk_type: null
  l2_reg: 0.01
  learn_embedding: false
  n_depth: 1
  n_features: 64
  n_levels: 2
  n_post: 0
  n_pre: 0
  n_steps: 5
  norm_type: layer
opt:
  es_patience: 50
  lr_init: 0.01
  mode: min
  monitor: val_loss
  n_epochs: 1000
results:
  test:
    acc: 0.7915763854980469
    auprc: 0.85459965467453
    auroc: 0.920832633972168
    loss: 0.8423516750335693
  train:
    acc: 1.0
    auprc: 1.0000004768371582
    auroc: 0.9999995231628418
    loss: 0.15210533142089844
  val:
    acc: 0.7888889312744141
    auprc: 0.8819576501846313
    auroc: 0.9320684671401978
    loss: 0.7136245369911194
