data:
  dataset_name: cora,citeseer,pubmed
experiment:
  n_splits: 100
  n_trials: 1
model:
  attn_dropout: 0.3
  basepoint: false
  diff: false
  dropout: 0.9
  gnn_type: GSAN
  jk_type: null
  l2_reg: 0.01
  learn_embedding: false
  n_depth: 1
  n_features: 64
  n_heads: 8
  n_levels: 2
  n_post: 0
  n_pre: 0
  n_steps: 5
  norm_type: layer
opt:
  es_patience: 50
  lr_init: 0.01
  mode: min
  monitor: val_loss
  n_epochs: 1000
results:
  test:
    acc: 0.7935300469398499
    auprc: 0.8727579712867737
    auroc: 0.9295774698257446
    loss: 0.7547096014022827
  train:
    acc: 1.0
    auprc: 1.000000238418579
    auroc: 0.9999998807907104
    loss: 0.25658854842185974
  val:
    acc: 0.7444444894790649
    auprc: 0.8551578521728516
    auroc: 0.9162654280662537
    loss: 0.8329461216926575
