data:
  dataset_name: cora,citeseer,pubmed
  khop: 2
experiment:
  n_splits: 100
  n_trials: 1
model:
  basepoint: false
  diff: false
  dropout: 0.9
  gnn_type: GSN
  jk_type: null
  l2_reg: 0.01
  learn_embedding: false
  n_depth: 1
  n_features: 64
  n_levels: 2
  n_post: 0
  n_pre: 0
  n_steps: 5
  norm_type: layer
opt:
  es_patience: 50
  lr_init: 0.01
  mode: min
  monitor: val_loss
  n_epochs: 1000
results:
  test:
    acc: 0.768886923789978
    auprc: 0.8436181545257568
    auroc: 0.9137964844703674
    loss: 0.8642813563346863
  train:
    acc: 1.0
    auprc: 1.0000001192092896
    auroc: 1.0000001192092896
    loss: 0.2564627528190613
  val:
    acc: 0.7888889312744141
    auprc: 0.8643304109573364
    auroc: 0.9220678210258484
    loss: 0.8244702816009521
