data:
  dataset_name: cora,citeseer,pubmed
  khop: 1
experiment:
  n_splits: 100
  n_trials: 1
model:
  attn_dropout: 0.3
  basepoint: false
  diff: false
  dropout: 0.9
  gnn_type: GSAN
  jk_type: null
  l2_reg: 0.01
  learn_embedding: false
  n_depth: 1
  n_features: 64
  n_heads: 8
  n_levels: 2
  n_post: 0
  n_pre: 0
  n_steps: 5
  norm_type: layer
opt:
  es_patience: 50
  lr_init: 0.01
  mode: min
  monitor: val_loss
  n_epochs: 1000
results:
  test:
    acc: 0.8037525415420532
    auprc: 0.8622787594795227
    auroc: 0.9262998104095459
    loss: 0.7663834691047668
  train:
    acc: 1.0
    auprc: 1.0000005960464478
    auroc: 1.0000001192092896
    loss: 0.2554128170013428
  val:
    acc: 0.8111110329627991
    auprc: 0.8639311790466309
    auroc: 0.9305554628372192
    loss: 0.7389598488807678
