data:
  dataset_name: cora,citeseer,pubmed
  khop: 2
experiment:
  n_splits: 100
  n_trials: 1
model:
  basepoint: false
  diff: false
  dropout: 0.9
  gnn_type: GSN
  jk_type: null
  l2_reg: 0.01
  learn_embedding: false
  n_depth: 1
  n_features: 64
  n_levels: 2
  n_post: 0
  n_pre: 0
  n_steps: 5
  norm_type: layer
opt:
  es_patience: 50
  lr_init: 0.01
  mode: min
  monitor: val_loss
  n_epochs: 1000
results:
  test:
    acc: 0.7331849336624146
    auprc: 0.7878764867782593
    auroc: 0.8844351172447205
    loss: 0.9203289747238159
  train:
    acc: 1.0
    auprc: 1.0000003576278687
    auroc: 0.9999999403953552
    loss: 0.2516093850135803
  val:
    acc: 0.7444444298744202
    auprc: 0.8608675599098206
    auroc: 0.9227779507637024
    loss: 0.7707583904266357
