data:
  dataset_name: cora,citeseer,pubmed
  khop: 1
experiment:
  n_splits: 100
  n_trials: 1
model:
  basepoint: false
  diff: false
  dropout: 0.9
  gnn_type: GSN
  jk_type: null
  l2_reg: 0.01
  learn_embedding: false
  n_depth: 1
  n_features: 64
  n_levels: 2
  n_post: 0
  n_pre: 0
  n_steps: 5
  norm_type: layer
opt:
  es_patience: 50
  lr_init: 0.01
  mode: min
  monitor: val_loss
  n_epochs: 1000
results:
  test:
    acc: 0.7902113795280457
    auprc: 0.8453342914581299
    auroc: 0.9146125912666321
    loss: 0.882331371307373
  train:
    acc: 1.0
    auprc: 0.9999998807907104
    auroc: 0.9999995827674866
    loss: 0.07475081831216812
  val:
    acc: 0.888888955116272
    auprc: 0.9419182538986206
    auroc: 0.9663899540901184
    loss: 0.5025544762611389
