data:
  dataset_name: cora,citeseer,pubmed
  khop: 1
experiment:
  n_splits: 100
  n_trials: 1
model:
  basepoint: false
  diff: false
  dropout: 0.9
  gnn_type: GSN
  jk_type: null
  l2_reg: 0.01
  learn_embedding: false
  n_depth: 1
  n_features: 64
  n_levels: 2
  n_post: 0
  n_pre: 0
  n_steps: 5
  norm_type: layer
opt:
  es_patience: 50
  lr_init: 0.01
  mode: min
  monitor: val_loss
  n_epochs: 1000
results:
  test:
    acc: 0.8078031539916992
    auprc: 0.8859349489212036
    auroc: 0.9378735423088074
    loss: 0.7407512664794922
  train:
    acc: 1.0
    auprc: 1.0000008344650269
    auroc: 0.9999998211860657
    loss: 0.2713393270969391
  val:
    acc: 0.7666667699813843
    auprc: 0.9004100561141968
    auroc: 0.9417904019355774
    loss: 0.7195824384689331
