data:
  dataset_name: cora,citeseer,pubmed
  khop: 1
experiment:
  n_splits: 100
  n_trials: 1
model:
  basepoint: false
  diff: false
  dropout: 0.9
  gnn_type: GSN
  jk_type: null
  l2_reg: 0.01
  learn_embedding: false
  n_depth: 1
  n_features: 64
  n_levels: 2
  n_post: 0
  n_pre: 0
  n_steps: 5
  norm_type: layer
opt:
  es_patience: 50
  lr_init: 0.01
  mode: min
  monitor: val_loss
  n_epochs: 1000
results:
  test:
    acc: 0.7898959517478943
    auprc: 0.8639075756072998
    auroc: 0.9264674186706543
    loss: 0.731058657169342
  train:
    acc: 1.0
    auprc: 1.0
    auroc: 0.9999998807907104
    loss: 0.1620863378047943
  val:
    acc: 0.8333333730697632
    auprc: 0.9125969409942627
    auroc: 0.9476854801177979
    loss: 0.6013753414154053
