data:
  dataset_name: cora,citeseer,pubmed
  khop: 2
experiment:
  n_splits: 100
  n_trials: 1
model:
  attn_dropout: 0.3
  basepoint: false
  diff: false
  dropout: 0.9
  gnn_type: GSAN
  jk_type: null
  l2_reg: 0.01
  learn_embedding: false
  n_depth: 1
  n_features: 64
  n_heads: 8
  n_levels: 2
  n_post: 0
  n_pre: 0
  n_steps: 5
  norm_type: layer
opt:
  es_patience: 50
  lr_init: 0.01
  mode: min
  monitor: val_loss
  n_epochs: 1000
results:
  test:
    acc: 0.7584167718887329
    auprc: 0.8320754766464233
    auroc: 0.9093915224075317
    loss: 0.8506165146827698
  train:
    acc: 1.0
    auprc: 1.000000238418579
    auroc: 1.000000238418579
    loss: 0.29074859619140625
  val:
    acc: 0.8111112117767334
    auprc: 0.8604050278663635
    auroc: 0.9176545143127441
    loss: 0.8261658549308777
