data:
  dataset_name: cora,citeseer,pubmed
  khop: 2
experiment:
  n_splits: 100
  n_trials: 1
model:
  basepoint: false
  diff: false
  dropout: 0.9
  gnn_type: GSN
  jk_type: null
  l2_reg: 0.01
  learn_embedding: false
  n_depth: 1
  n_features: 64
  n_levels: 2
  n_post: 0
  n_pre: 0
  n_steps: 5
  norm_type: layer
opt:
  es_patience: 50
  lr_init: 0.01
  mode: min
  monitor: val_loss
  n_epochs: 1000
results:
  test:
    acc: 0.7776280641555786
    auprc: 0.8470209836959839
    auroc: 0.9170573353767395
    loss: 0.8025082349777222
  train:
    acc: 1.0
    auprc: 1.0000001192092896
    auroc: 0.9999999403953552
    loss: 0.15844403207302094
  val:
    acc: 0.8444445133209229
    auprc: 0.8868354558944702
    auroc: 0.9396607875823975
    loss: 0.6879603862762451
