data:
  dataset_name: cora,citeseer,pubmed
  khop: 2
experiment:
  n_splits: 100
  n_trials: 1
model:
  attn_dropout: 0.3
  basepoint: false
  diff: false
  dropout: 0.9
  gnn_type: GSAN
  jk_type: null
  l2_reg: 0.01
  learn_embedding: false
  n_depth: 1
  n_features: 64
  n_heads: 8
  n_levels: 2
  n_post: 0
  n_pre: 0
  n_steps: 5
  norm_type: layer
opt:
  es_patience: 50
  lr_init: 0.01
  mode: min
  monitor: val_loss
  n_epochs: 1000
results:
  test:
    acc: 0.7764549851417542
    auprc: 0.8187287449836731
    auroc: 0.904485285282135
    loss: 0.8520932793617249
  train:
    acc: 1.0
    auprc: 1.0000004768371582
    auroc: 1.0000003576278687
    loss: 0.21213464438915253
  val:
    acc: 0.7888889312744141
    auprc: 0.8737346529960632
    auroc: 0.9264508485794067
    loss: 0.7587347030639648
