data:
  dataset_name: cora,citeseer,pubmed
  khop: 2
experiment:
  n_splits: 100
  n_trials: 1
model:
  attn_dropout: 0.3
  basepoint: false
  diff: false
  dropout: 0.9
  gnn_type: GSAN
  jk_type: null
  l2_reg: 0.01
  learn_embedding: false
  n_depth: 1
  n_features: 64
  n_heads: 8
  n_levels: 2
  n_post: 0
  n_pre: 0
  n_steps: 5
  norm_type: layer
opt:
  es_patience: 50
  lr_init: 0.01
  mode: min
  monitor: val_loss
  n_epochs: 1000
results:
  test:
    acc: 0.768643319606781
    auprc: 0.8344361186027527
    auroc: 0.910620391368866
    loss: 0.8693186044692993
  train:
    acc: 0.98333340883255
    auprc: 0.9997249841690063
    auroc: 0.9998612403869629
    loss: 0.25924718379974365
  val:
    acc: 0.8111112117767334
    auprc: 0.8843791484832764
    auroc: 0.9375003576278687
    loss: 0.7427304983139038
