data:
  dataset_name: cora,citeseer,pubmed
  khop: 2
experiment:
  n_splits: 100
  n_trials: 1
model:
  attn_dropout: 0.3
  basepoint: false
  diff: false
  dropout: 0.9
  gnn_type: GSAN
  jk_type: null
  l2_reg: 0.01
  learn_embedding: false
  n_depth: 1
  n_features: 64
  n_heads: 8
  n_levels: 2
  n_post: 0
  n_pre: 0
  n_steps: 5
  norm_type: layer
opt:
  es_patience: 50
  lr_init: 0.01
  mode: min
  monitor: val_loss
  n_epochs: 1000
results:
  test:
    acc: 0.7722146511077881
    auprc: 0.8579517602920532
    auroc: 0.919995129108429
    loss: 0.7567957043647766
  train:
    acc: 1.0
    auprc: 1.0000005960464478
    auroc: 1.0000001192092896
    loss: 0.21831347048282623
  val:
    acc: 0.7444444894790649
    auprc: 0.8171414136886597
    auroc: 0.8993521332740784
    loss: 0.8569157719612122
