data:
  dataset_name: cora,citeseer,pubmed
  khop: 1
experiment:
  n_splits: 100
  n_trials: 1
model:
  attn_dropout: 0.3
  basepoint: false
  diff: false
  dropout: 0.9
  gnn_type: GSAN
  jk_type: null
  l2_reg: 0.01
  learn_embedding: false
  n_depth: 1
  n_features: 64
  n_heads: 8
  n_levels: 2
  n_post: 0
  n_pre: 0
  n_steps: 5
  norm_type: layer
opt:
  es_patience: 50
  lr_init: 0.01
  mode: min
  monitor: val_loss
  n_epochs: 1000
results:
  test:
    acc: 0.7778891324996948
    auprc: 0.8247674703598022
    auroc: 0.9059853553771973
    loss: 0.9052709937095642
  train:
    acc: 0.9833332896232605
    auprc: 0.9997243881225586
    auroc: 0.9998607635498047
    loss: 0.15401053428649902
  val:
    acc: 0.8222221732139587
    auprc: 0.9093099236488342
    auroc: 0.949506402015686
    loss: 0.5852867364883423
