data:
  dataset_name: cora,citeseer,pubmed
experiment:
  n_splits: 100
  n_trials: 1
model:
  attn_dropout: 0.3
  basepoint: false
  diff: false
  dropout: 0.9
  gnn_type: GSAN
  jk_type: null
  l2_reg: 0.01
  learn_embedding: false
  n_depth: 1
  n_features: 64
  n_heads: 8
  n_levels: 2
  n_post: 0
  n_pre: 0
  n_steps: 5
  norm_type: layer
opt:
  es_patience: 50
  lr_init: 0.01
  mode: min
  monitor: val_loss
  n_epochs: 1000
results:
  test:
    acc: 0.7935811281204224
    auprc: 0.8627459406852722
    auroc: 0.9254013299942017
    loss: 0.7644391059875488
  train:
    acc: 1.0
    auprc: 1.0000004768371582
    auroc: 0.9999998211860657
    loss: 0.24299687147140503
  val:
    acc: 0.7888888120651245
    auprc: 0.8775063157081604
    auroc: 0.9312965273857117
    loss: 0.7350608110427856
