data:
  dataset_name: cora,citeseer,pubmed
experiment:
  n_splits: 100
  n_trials: 1
model:
  attn_dropout: 0.3
  basepoint: false
  diff: false
  dropout: 0.9
  gnn_type: GSAN
  jk_type: null
  l2_reg: 0.01
  learn_embedding: false
  n_depth: 1
  n_features: 64
  n_heads: 8
  n_levels: 2
  n_post: 0
  n_pre: 0
  n_steps: 5
  norm_type: layer
opt:
  es_patience: 50
  lr_init: 0.01
  mode: min
  monitor: val_loss
  n_epochs: 1000
results:
  test:
    acc: 0.7916901111602783
    auprc: 0.844169020652771
    auroc: 0.914413332939148
    loss: 0.8118028044700623
  train:
    acc: 1.0
    auprc: 1.000000238418579
    auroc: 1.0000001192092896
    loss: 0.11868257820606232
  val:
    acc: 0.8333332538604736
    auprc: 0.8817942142486572
    auroc: 0.9362042546272278
    loss: 0.6298587918281555
