data:
  dataset_name: cora,citeseer,pubmed
  khop: 1
experiment:
  n_splits: 100
  n_trials: 1
model:
  attn_dropout: 0.3
  basepoint: false
  diff: false
  dropout: 0.9
  gnn_type: GSAN
  jk_type: null
  l2_reg: 0.01
  learn_embedding: false
  n_depth: 1
  n_features: 64
  n_heads: 8
  n_levels: 2
  n_post: 0
  n_pre: 0
  n_steps: 5
  norm_type: layer
opt:
  es_patience: 50
  lr_init: 0.01
  mode: min
  monitor: val_loss
  n_epochs: 1000
results:
  test:
    acc: 0.7477824687957764
    auprc: 0.8141425848007202
    auroc: 0.8981664180755615
    loss: 0.8290315866470337
  train:
    acc: 0.9833333492279053
    auprc: 0.9994505047798157
    auroc: 0.9997220635414124
    loss: 0.2842426896095276
  val:
    acc: 0.7666667103767395
    auprc: 0.8761147260665894
    auroc: 0.9299381971359253
    loss: 0.717342734336853
