data:
  dataset_name: cora,citeseer,pubmed
  khop: 2
experiment:
  n_splits: 100
  n_trials: 1
model:
  basepoint: false
  diff: false
  dropout: 0.9
  gnn_type: GSN
  jk_type: null
  l2_reg: 0.01
  learn_embedding: false
  n_depth: 1
  n_features: 64
  n_levels: 2
  n_post: 0
  n_pre: 0
  n_steps: 5
  norm_type: layer
opt:
  es_patience: 50
  lr_init: 0.01
  mode: min
  monitor: val_loss
  n_epochs: 1000
results:
  test:
    acc: 0.7813891768455505
    auprc: 0.8435810804367065
    auroc: 0.9181733131408691
    loss: 0.7919328212738037
  train:
    acc: 1.0
    auprc: 1.0
    auroc: 0.9999998211860657
    loss: 0.18753857910633087
  val:
    acc: 0.7555554509162903
    auprc: 0.7985963821411133
    auroc: 0.8890125751495361
    loss: 0.9729129076004028
