data:
  dataset_name: cora,citeseer,pubmed
experiment:
  n_splits: 100
  n_trials: 1
model:
  attn_dropout: 0.3
  basepoint: false
  diff: false
  dropout: 0.9
  gnn_type: GSAN
  jk_type: null
  l2_reg: 0.01
  learn_embedding: false
  n_depth: 1
  n_features: 64
  n_heads: 8
  n_levels: 2
  n_post: 0
  n_pre: 0
  n_steps: 5
  norm_type: layer
opt:
  es_patience: 50
  lr_init: 0.01
  mode: min
  monitor: val_loss
  n_epochs: 1000
results:
  test:
    acc: 0.7891348004341125
    auprc: 0.8475154638290405
    auroc: 0.9180256128311157
    loss: 0.8118712902069092
  train:
    acc: 0.9500001072883606
    auprc: 0.9964873194694519
    auroc: 0.998194694519043
    loss: 0.3552550971508026
  val:
    acc: 0.7555556297302246
    auprc: 0.8616693019866943
    auroc: 0.9266977310180664
    loss: 0.7643673419952393
