data:
  dataset_name: cora,citeseer,pubmed
experiment:
  n_splits: 100
  n_trials: 1
model:
  attn_dropout: 0.3
  basepoint: false
  diff: false
  dropout: 0.9
  gnn_type: GSAN
  jk_type: null
  l2_reg: 0.01
  learn_embedding: false
  n_depth: 1
  n_features: 64
  n_heads: 8
  n_levels: 2
  n_post: 0
  n_pre: 0
  n_steps: 5
  norm_type: layer
opt:
  es_patience: 50
  lr_init: 0.01
  mode: min
  monitor: val_loss
  n_epochs: 1000
results:
  test:
    acc: 0.7867328524589539
    auprc: 0.865281343460083
    auroc: 0.9250191450119019
    loss: 0.7828407883644104
  train:
    acc: 0.9833333492279053
    auprc: 0.9986037015914917
    auroc: 0.9993057250976562
    loss: 0.3214177191257477
  val:
    acc: 0.8444445133209229
    auprc: 0.9209184646606445
    auroc: 0.959845781326294
    loss: 0.6226807236671448
