data:
  dataset_name: cora,citeseer,pubmed
  khop: 2
experiment:
  n_splits: 100
  n_trials: 1
model:
  basepoint: false
  diff: false
  dropout: 0.9
  gnn_type: GSN
  jk_type: null
  l2_reg: 0.01
  learn_embedding: false
  n_depth: 1
  n_features: 64
  n_levels: 2
  n_post: 0
  n_pre: 0
  n_steps: 5
  norm_type: layer
opt:
  es_patience: 50
  lr_init: 0.01
  mode: min
  monitor: val_loss
  n_epochs: 1000
results:
  test:
    acc: 0.7990217804908752
    auprc: 0.862621545791626
    auroc: 0.9244754314422607
    loss: 0.8059411644935608
  train:
    acc: 1.0
    auprc: 1.0000001192092896
    auroc: 0.9999998807907104
    loss: 0.12456469237804413
  val:
    acc: 0.8222222328186035
    auprc: 0.902409553527832
    auroc: 0.9487349987030029
    loss: 0.6007969975471497
