data:
  dataset_name: cora,citeseer,pubmed
  khop: 2
experiment:
  n_splits: 100
  n_trials: 1
model:
  basepoint: false
  diff: false
  dropout: 0.9
  gnn_type: GSN
  jk_type: null
  l2_reg: 0.01
  learn_embedding: false
  n_depth: 1
  n_features: 64
  n_levels: 2
  n_post: 0
  n_pre: 0
  n_steps: 5
  norm_type: layer
opt:
  es_patience: 50
  lr_init: 0.01
  mode: min
  monitor: val_loss
  n_epochs: 1000
results:
  test:
    acc: 0.775684118270874
    auprc: 0.8427008986473083
    auroc: 0.9175411462783813
    loss: 0.7669156789779663
  train:
    acc: 1.0
    auprc: 1.0
    auroc: 0.9999996423721313
    loss: 0.18287986516952515
  val:
    acc: 0.8444445133209229
    auprc: 0.9127616882324219
    auroc: 0.951481819152832
    loss: 0.587397038936615
