data:
  dataset_name: cora,citeseer,pubmed
  khop: 2
experiment:
  n_splits: 100
  n_trials: 1
model:
  attn_dropout: 0.3
  basepoint: false
  diff: false
  dropout: 0.9
  gnn_type: GSAN
  jk_type: null
  l2_reg: 0.01
  learn_embedding: false
  n_depth: 1
  n_features: 64
  n_heads: 8
  n_levels: 2
  n_post: 0
  n_pre: 0
  n_steps: 5
  norm_type: layer
opt:
  es_patience: 50
  lr_init: 0.01
  mode: min
  monitor: val_loss
  n_epochs: 1000
results:
  test:
    acc: 0.7512261271476746
    auprc: 0.825676679611206
    auroc: 0.9032400846481323
    loss: 0.9063987135887146
  train:
    acc: 1.0
    auprc: 1.0000001192092896
    auroc: 0.9999997615814209
    loss: 0.19877776503562927
  val:
    acc: 0.7777777910232544
    auprc: 0.8108654618263245
    auroc: 0.8949077129364014
    loss: 0.9522129893302917
