data:
  dataset_name: cora,citeseer,pubmed
experiment:
  n_splits: 100
  n_trials: 1
model:
  attn_dropout: 0.3
  basepoint: false
  diff: false
  dropout: 0.9
  gnn_type: GSAN
  jk_type: null
  l2_reg: 0.01
  learn_embedding: false
  n_depth: 1
  n_features: 64
  n_heads: 8
  n_levels: 2
  n_post: 0
  n_pre: 0
  n_steps: 5
  norm_type: layer
opt:
  es_patience: 50
  lr_init: 0.01
  mode: min
  monitor: val_loss
  n_epochs: 1000
results:
  test:
    acc: 0.7504984140396118
    auprc: 0.8311327695846558
    auroc: 0.9062896966934204
    loss: 0.8291443586349487
  train:
    acc: 1.0
    auprc: 1.0
    auroc: 1.0
    loss: 0.27918875217437744
  val:
    acc: 0.7111111879348755
    auprc: 0.8127000331878662
    auroc: 0.8960493206977844
    loss: 0.8588228225708008
