data:
  dataset_name: cora,citeseer,pubmed
  khop: 2
experiment:
  n_splits: 100
  n_trials: 1
model:
  attn_dropout: 0.3
  basepoint: false
  diff: false
  dropout: 0.9
  gnn_type: GSAN
  jk_type: null
  l2_reg: 0.01
  learn_embedding: false
  n_depth: 1
  n_features: 64
  n_heads: 8
  n_levels: 2
  n_post: 0
  n_pre: 0
  n_steps: 5
  norm_type: layer
opt:
  es_patience: 50
  lr_init: 0.01
  mode: min
  monitor: val_loss
  n_epochs: 1000
results:
  test:
    acc: 0.7916480302810669
    auprc: 0.8509649634361267
    auroc: 0.9172880053520203
    loss: 0.8039789199829102
  train:
    acc: 0.9833332896232605
    auprc: 0.9997249841690063
    auroc: 0.9998612403869629
    loss: 0.25165867805480957
  val:
    acc: 0.8000000715255737
    auprc: 0.8750036954879761
    auroc: 0.9227162599563599
    loss: 0.7806087136268616
