data:
  dataset_name: cora,citeseer,pubmed
experiment:
  n_splits: 100
  n_trials: 1
model:
  attn_dropout: 0.3
  basepoint: false
  diff: false
  dropout: 0.9
  gnn_type: GSAN
  jk_type: null
  l2_reg: 0.01
  learn_embedding: false
  n_depth: 1
  n_features: 64
  n_heads: 8
  n_levels: 2
  n_post: 0
  n_pre: 0
  n_steps: 5
  norm_type: layer
opt:
  es_patience: 50
  lr_init: 0.01
  mode: min
  monitor: val_loss
  n_epochs: 1000
results:
  test:
    acc: 0.7931721806526184
    auprc: 0.8286095857620239
    auroc: 0.9068482518196106
    loss: 0.9713654518127441
  train:
    acc: 1.0
    auprc: 0.9999995827674866
    auroc: 0.9999991655349731
    loss: 0.0501592755317688
  val:
    acc: 0.8444445133209229
    auprc: 0.9432929754257202
    auroc: 0.9707106947898865
    loss: 0.4157484173774719
