data:
  dataset_name: cora,citeseer,pubmed
  khop: 1
experiment:
  n_splits: 100
  n_trials: 1
model:
  basepoint: false
  diff: false
  dropout: 0.9
  gnn_type: GSN
  jk_type: null
  l2_reg: 0.01
  learn_embedding: false
  n_depth: 1
  n_features: 64
  n_levels: 2
  n_post: 0
  n_pre: 0
  n_steps: 5
  norm_type: layer
opt:
  es_patience: 50
  lr_init: 0.01
  mode: min
  monitor: val_loss
  n_epochs: 1000
results:
  test:
    acc: 0.7730635404586792
    auprc: 0.845966100692749
    auroc: 0.9125373959541321
    loss: 0.8433050513267517
  train:
    acc: 1.0
    auprc: 1.0
    auroc: 0.9999998807907104
    loss: 0.24746669828891754
  val:
    acc: 0.7777777910232544
    auprc: 0.8337616920471191
    auroc: 0.9035183191299438
    loss: 0.8705430030822754
