data:
  dataset_name: cora,citeseer,pubmed
  khop: 2
experiment:
  n_splits: 100
  n_trials: 1
model:
  attn_dropout: 0.3
  basepoint: false
  diff: false
  dropout: 0.9
  gnn_type: GSAN
  jk_type: null
  l2_reg: 0.01
  learn_embedding: false
  n_depth: 1
  n_features: 64
  n_heads: 8
  n_levels: 2
  n_post: 0
  n_pre: 0
  n_steps: 5
  norm_type: layer
opt:
  es_patience: 50
  lr_init: 0.01
  mode: min
  monitor: val_loss
  n_epochs: 1000
results:
  test:
    acc: 0.7638576030731201
    auprc: 0.8281435370445251
    auroc: 0.9080366492271423
    loss: 0.833065927028656
  train:
    acc: 0.98333340883255
    auprc: 0.9991599321365356
    auroc: 0.99958336353302
    loss: 0.29444488883018494
  val:
    acc: 0.6777778267860413
    auprc: 0.773619532585144
    auroc: 0.8761420845985413
    loss: 0.9410410523414612
