data:
  dataset_name: cora,citeseer,pubmed
experiment:
  n_splits: 100
  n_trials: 1
model:
  attn_dropout: 0.3
  basepoint: false
  diff: false
  dropout: 0.9
  gnn_type: GSAN
  jk_type: null
  l2_reg: 0.01
  learn_embedding: false
  n_depth: 1
  n_features: 64
  n_heads: 8
  n_levels: 2
  n_post: 0
  n_pre: 0
  n_steps: 5
  norm_type: layer
opt:
  es_patience: 50
  lr_init: 0.01
  mode: min
  monitor: val_loss
  n_epochs: 1000
results:
  test:
    acc: 0.8178055286407471
    auprc: 0.8806092739105225
    auroc: 0.9346268177032471
    loss: 0.7324272394180298
  train:
    acc: 1.0
    auprc: 1.0000004768371582
    auroc: 1.0000001192092896
    loss: 0.1459706872701645
  val:
    acc: 0.8111110925674438
    auprc: 0.894218921661377
    auroc: 0.9423153400421143
    loss: 0.7097083926200867
