data:
  dataset_name: cora,citeseer,pubmed
  khop: 2
experiment:
  n_splits: 100
  n_trials: 1
model:
  attn_dropout: 0.3
  basepoint: false
  diff: false
  dropout: 0.9
  gnn_type: GSAN
  jk_type: null
  l2_reg: 0.01
  learn_embedding: false
  n_depth: 1
  n_features: 64
  n_heads: 8
  n_levels: 2
  n_post: 0
  n_pre: 0
  n_steps: 5
  norm_type: layer
opt:
  es_patience: 50
  lr_init: 0.01
  mode: min
  monitor: val_loss
  n_epochs: 1000
results:
  test:
    acc: 0.7592511177062988
    auprc: 0.833092987537384
    auroc: 0.9075154066085815
    loss: 0.8956294059753418
  train:
    acc: 0.9833333492279053
    auprc: 0.9997249841690063
    auroc: 0.9998613595962524
    loss: 0.320607453584671
  val:
    acc: 0.7111111879348755
    auprc: 0.8452140688896179
    auroc: 0.9090743660926819
    loss: 0.9161028861999512
