data:
  dataset_name: cora,citeseer,pubmed
  khop: 2
experiment:
  n_splits: 100
  n_trials: 1
model:
  attn_dropout: 0.3
  basepoint: false
  diff: false
  dropout: 0.9
  gnn_type: GSAN
  jk_type: null
  l2_reg: 0.01
  learn_embedding: false
  n_depth: 1
  n_features: 64
  n_heads: 8
  n_levels: 2
  n_post: 0
  n_pre: 0
  n_steps: 5
  norm_type: layer
opt:
  es_patience: 50
  lr_init: 0.01
  mode: min
  monitor: val_loss
  n_epochs: 1000
results:
  test:
    acc: 0.7835555672645569
    auprc: 0.8644609451293945
    auroc: 0.9252949953079224
    loss: 0.7550395131111145
  train:
    acc: 0.9833332896232605
    auprc: 0.9997249245643616
    auroc: 0.9998612403869629
    loss: 0.2138950526714325
  val:
    acc: 0.7666667699813843
    auprc: 0.847732663154602
    auroc: 0.9179322123527527
    loss: 0.8037002086639404
