data:
  dataset_name: cora,citeseer,pubmed
  khop: 2
experiment:
  n_splits: 100
  n_trials: 1
model:
  attn_dropout: 0.3
  basepoint: false
  diff: false
  dropout: 0.9
  gnn_type: GSAN
  jk_type: null
  l2_reg: 0.01
  learn_embedding: false
  n_depth: 1
  n_features: 64
  n_heads: 8
  n_levels: 2
  n_post: 0
  n_pre: 0
  n_steps: 5
  norm_type: layer
opt:
  es_patience: 50
  lr_init: 0.01
  mode: min
  monitor: val_loss
  n_epochs: 1000
results:
  test:
    acc: 0.7318938374519348
    auprc: 0.7899619936943054
    auroc: 0.8806738257408142
    loss: 1.016654372215271
  train:
    acc: 1.0
    auprc: 1.000000238418579
    auroc: 1.000000238418579
    loss: 0.2612247169017792
  val:
    acc: 0.6777778267860413
    auprc: 0.6795598864555359
    auroc: 0.8181790709495544
    loss: 1.3005666732788086
