data:
  dataset_name: cora,citeseer,pubmed
experiment:
  n_splits: 100
  n_trials: 1
model:
  attn_dropout: 0.3
  basepoint: false
  diff: false
  dropout: 0.9
  gnn_type: GSAN
  jk_type: null
  l2_reg: 0.01
  learn_embedding: false
  n_depth: 1
  n_features: 64
  n_heads: 8
  n_levels: 2
  n_post: 0
  n_pre: 0
  n_steps: 5
  norm_type: layer
opt:
  es_patience: 50
  lr_init: 0.01
  mode: min
  monitor: val_loss
  n_epochs: 1000
results:
  test:
    acc: 0.7941943407058716
    auprc: 0.8609962463378906
    auroc: 0.9249933958053589
    loss: 0.7758764028549194
  train:
    acc: 1.0
    auprc: 1.000000238418579
    auroc: 1.0000001192092896
    loss: 0.23232463002204895
  val:
    acc: 0.7777778506278992
    auprc: 0.842984676361084
    auroc: 0.919599175453186
    loss: 0.7902568578720093
