data:
  dataset_name: cora,citeseer,pubmed
  khop: 1
experiment:
  n_splits: 100
  n_trials: 1
model:
  basepoint: false
  diff: false
  dropout: 0.9
  gnn_type: GSN
  jk_type: null
  l2_reg: 0.01
  learn_embedding: false
  n_depth: 1
  n_features: 64
  n_levels: 2
  n_post: 0
  n_pre: 0
  n_steps: 5
  norm_type: layer
opt:
  es_patience: 50
  lr_init: 0.01
  mode: min
  monitor: val_loss
  n_epochs: 1000
results:
  test:
    acc: 0.7732901573181152
    auprc: 0.850016713142395
    auroc: 0.9162419438362122
    loss: 0.8511334657669067
  train:
    acc: 1.0
    auprc: 1.0000009536743164
    auroc: 1.0
    loss: 0.27353039383888245
  val:
    acc: 0.7222222685813904
    auprc: 0.7916553616523743
    auroc: 0.8897225856781006
    loss: 0.9380624294281006
