data:
  dataset_name: cora,citeseer,pubmed
  khop: 1
experiment:
  n_splits: 100
  n_trials: 1
model:
  basepoint: false
  diff: false
  dropout: 0.9
  gnn_type: GSN
  jk_type: null
  l2_reg: 0.01
  learn_embedding: false
  n_depth: 1
  n_features: 64
  n_levels: 2
  n_post: 0
  n_pre: 0
  n_steps: 5
  norm_type: layer
opt:
  es_patience: 50
  lr_init: 0.01
  mode: min
  monitor: val_loss
  n_epochs: 1000
results:
  test:
    acc: 0.7870012521743774
    auprc: 0.8604744672775269
    auroc: 0.9247630834579468
    loss: 0.8420849442481995
  train:
    acc: 0.9833332896232605
    auprc: 0.9994583129882812
    auroc: 0.9997223615646362
    loss: 0.396529883146286
  val:
    acc: 0.7555556297302246
    auprc: 0.8448691368103027
    auroc: 0.9039198756217957
    loss: 0.9251623153686523
