data:
  dataset_name: cora,citeseer,pubmed
  khop: 2
experiment:
  n_splits: 100
  n_trials: 1
model:
  attn_dropout: 0.3
  basepoint: false
  diff: false
  dropout: 0.9
  gnn_type: GSAN
  jk_type: null
  l2_reg: 0.01
  learn_embedding: false
  n_depth: 1
  n_features: 64
  n_heads: 8
  n_levels: 2
  n_post: 0
  n_pre: 0
  n_steps: 5
  norm_type: layer
opt:
  es_patience: 50
  lr_init: 0.01
  mode: min
  monitor: val_loss
  n_epochs: 1000
results:
  test:
    acc: 0.7775270938873291
    auprc: 0.8499811291694641
    auroc: 0.917458176612854
    loss: 0.7913569211959839
  train:
    acc: 1.0
    auprc: 1.0000001192092896
    auroc: 1.000000238418579
    loss: 0.2768302857875824
  val:
    acc: 0.7888888120651245
    auprc: 0.8510741591453552
    auroc: 0.9177159070968628
    loss: 0.77798992395401
