data:
  dataset_name: cora,citeseer,pubmed
  khop: 2
experiment:
  n_splits: 100
  n_trials: 1
model:
  attn_dropout: 0.3
  basepoint: false
  diff: false
  dropout: 0.9
  gnn_type: GSAN
  jk_type: null
  l2_reg: 0.01
  learn_embedding: false
  n_depth: 1
  n_features: 64
  n_heads: 8
  n_levels: 2
  n_post: 0
  n_pre: 0
  n_steps: 5
  norm_type: layer
opt:
  es_patience: 50
  lr_init: 0.01
  mode: min
  monitor: val_loss
  n_epochs: 1000
results:
  test:
    acc: 0.7674212455749512
    auprc: 0.8206884860992432
    auroc: 0.9029839634895325
    loss: 0.9178780913352966
  train:
    acc: 1.0
    auprc: 1.000000238418579
    auroc: 1.0
    loss: 0.22631101310253143
  val:
    acc: 0.6777778267860413
    auprc: 0.7176481485366821
    auroc: 0.8485804200172424
    loss: 1.1485707759857178
