data:
  dataset_name: cora,citeseer,pubmed
  khop: 1
experiment:
  n_splits: 100
  n_trials: 1
model:
  basepoint: false
  diff: false
  dropout: 0.9
  gnn_type: GSN
  jk_type: null
  l2_reg: 0.01
  learn_embedding: false
  n_depth: 1
  n_features: 64
  n_levels: 2
  n_post: 0
  n_pre: 0
  n_steps: 5
  norm_type: layer
opt:
  es_patience: 50
  lr_init: 0.01
  mode: min
  monitor: val_loss
  n_epochs: 1000
results:
  test:
    acc: 0.8039130568504333
    auprc: 0.8698599338531494
    auroc: 0.9313218593597412
    loss: 0.7652652859687805
  train:
    acc: 0.9833333492279053
    auprc: 0.9997245073318481
    auroc: 0.9998611807823181
    loss: 0.27812787890434265
  val:
    acc: 0.7999998927116394
    auprc: 0.8893185257911682
    auroc: 0.9386112093925476
    loss: 0.7222412824630737
