data:
  dataset_name: cora,citeseer,pubmed
experiment:
  n_splits: 100
  n_trials: 1
model:
  attn_dropout: 0.3
  basepoint: false
  diff: false
  dropout: 0.9
  gnn_type: GSAN
  jk_type: null
  l2_reg: 0.01
  learn_embedding: false
  n_depth: 1
  n_features: 64
  n_heads: 8
  n_levels: 2
  n_post: 0
  n_pre: 0
  n_steps: 5
  norm_type: layer
opt:
  es_patience: 50
  lr_init: 0.01
  mode: min
  monitor: val_loss
  n_epochs: 1000
results:
  test:
    acc: 0.7991006374359131
    auprc: 0.8421766757965088
    auroc: 0.9188386797904968
    loss: 0.8067535758018494
  train:
    acc: 1.0
    auprc: 1.0
    auroc: 1.0
    loss: 0.22500525414943695
  val:
    acc: 0.8222222924232483
    auprc: 0.8176013231277466
    auroc: 0.9174696207046509
    loss: 0.8282244205474854
