data:
  dataset_name: cora,citeseer,pubmed
  khop: 1
experiment:
  n_splits: 100
  n_trials: 1
model:
  basepoint: false
  diff: false
  dropout: 0.9
  gnn_type: GSN
  jk_type: null
  l2_reg: 0.01
  learn_embedding: false
  n_depth: 1
  n_features: 64
  n_levels: 2
  n_post: 0
  n_pre: 0
  n_steps: 5
  norm_type: layer
opt:
  es_patience: 50
  lr_init: 0.01
  mode: min
  monitor: val_loss
  n_epochs: 1000
results:
  test:
    acc: 0.7962253093719482
    auprc: 0.8714940547943115
    auroc: 0.9287319779396057
    loss: 0.7181252241134644
  train:
    acc: 1.0
    auprc: 1.0000007152557373
    auroc: 0.9999999403953552
    loss: 0.16544634103775024
  val:
    acc: 0.7888889312744141
    auprc: 0.8941093683242798
    auroc: 0.9323458671569824
    loss: 0.713935375213623
