data:
  dataset_name: cora,citeseer,pubmed
  khop: 2
experiment:
  n_splits: 100
  n_trials: 1
model:
  attn_dropout: 0.3
  basepoint: false
  diff: false
  dropout: 0.9
  gnn_type: GSAN
  jk_type: null
  l2_reg: 0.01
  learn_embedding: false
  n_depth: 1
  n_features: 64
  n_heads: 8
  n_levels: 2
  n_post: 0
  n_pre: 0
  n_steps: 5
  norm_type: layer
opt:
  es_patience: 50
  lr_init: 0.01
  mode: min
  monitor: val_loss
  n_epochs: 1000
results:
  test:
    acc: 0.7679287195205688
    auprc: 0.8374901413917542
    auroc: 0.9097787141799927
    loss: 0.819318950176239
  train:
    acc: 1.0
    auprc: 1.0
    auroc: 1.0000001192092896
    loss: 0.1980937123298645
  val:
    acc: 0.7777778506278992
    auprc: 0.8320246338844299
    auroc: 0.9033644795417786
    loss: 0.8525582551956177
