data:
  dataset_name: cora,citeseer,pubmed
  khop: 1
experiment:
  n_splits: 100
  n_trials: 1
model:
  attn_dropout: 0.3
  basepoint: false
  diff: false
  dropout: 0.9
  gnn_type: GSAN
  jk_type: null
  l2_reg: 0.01
  learn_embedding: false
  n_depth: 1
  n_features: 64
  n_heads: 8
  n_levels: 2
  n_post: 0
  n_pre: 0
  n_steps: 5
  norm_type: layer
opt:
  es_patience: 50
  lr_init: 0.01
  mode: min
  monitor: val_loss
  n_epochs: 1000
results:
  test:
    acc: 0.792951226234436
    auprc: 0.8385316729545593
    auroc: 0.909269392490387
    loss: 0.9545996785163879
  train:
    acc: 1.0
    auprc: 0.9999996423721313
    auroc: 0.9999992847442627
    loss: 0.060743529349565506
  val:
    acc: 0.9222223162651062
    auprc: 0.9580316543579102
    auroc: 0.9793219566345215
    loss: 0.3380049467086792
