data:
  dataset_name: cora,citeseer,pubmed
experiment:
  n_splits: 100
  n_trials: 1
model:
  attn_dropout: 0.3
  basepoint: false
  diff: false
  dropout: 0.9
  gnn_type: GSAN
  jk_type: null
  l2_reg: 0.01
  learn_embedding: false
  n_depth: 1
  n_features: 64
  n_heads: 8
  n_levels: 2
  n_post: 0
  n_pre: 0
  n_steps: 5
  norm_type: layer
opt:
  es_patience: 50
  lr_init: 0.01
  mode: min
  monitor: val_loss
  n_epochs: 1000
results:
  test:
    acc: 0.7741605639457703
    auprc: 0.8359130024909973
    auroc: 0.9125272035598755
    loss: 0.8399649262428284
  train:
    acc: 1.0
    auprc: 0.9999998807907104
    auroc: 0.9999996423721313
    loss: 0.2644434869289398
  val:
    acc: 0.8222223520278931
    auprc: 0.7685922980308533
    auroc: 0.8982717394828796
    loss: 0.9023739695549011
