data:
  dataset_name: cora,citeseer,pubmed
  khop: 1
experiment:
  n_splits: 100
  n_trials: 1
model:
  attn_dropout: 0.3
  basepoint: false
  diff: false
  dropout: 0.9
  gnn_type: GSAN
  jk_type: null
  l2_reg: 0.01
  learn_embedding: false
  n_depth: 1
  n_features: 64
  n_heads: 8
  n_levels: 2
  n_post: 0
  n_pre: 0
  n_steps: 5
  norm_type: layer
opt:
  es_patience: 50
  lr_init: 0.01
  mode: min
  monitor: val_loss
  n_epochs: 1000
results:
  test:
    acc: 0.7946408987045288
    auprc: 0.8711884617805481
    auroc: 0.9297715425491333
    loss: 0.7676826119422913
  train:
    acc: 0.9666666984558105
    auprc: 0.9989071488380432
    auroc: 0.9994442462921143
    loss: 0.38975217938423157
  val:
    acc: 0.7666667103767395
    auprc: 0.8194647431373596
    auroc: 0.9022224545478821
    loss: 0.8617009520530701
