data:
  dataset_name: cora,citeseer,pubmed
experiment:
  n_splits: 100
  n_trials: 1
model:
  attn_dropout: 0.3
  basepoint: false
  diff: false
  dropout: 0.9
  gnn_type: GSAN
  jk_type: null
  l2_reg: 0.01
  learn_embedding: false
  n_depth: 1
  n_features: 64
  n_heads: 8
  n_levels: 2
  n_post: 0
  n_pre: 0
  n_steps: 5
  norm_type: layer
opt:
  es_patience: 50
  lr_init: 0.01
  mode: min
  monitor: val_loss
  n_epochs: 1000
results:
  test:
    acc: 0.799662709236145
    auprc: 0.8692512512207031
    auroc: 0.9262115955352783
    loss: 0.7712120413780212
  train:
    acc: 1.0
    auprc: 1.0000003576278687
    auroc: 0.9999999403953552
    loss: 0.27640074491500854
  val:
    acc: 0.8333333730697632
    auprc: 0.8981034159660339
    auroc: 0.938487708568573
    loss: 0.6831648349761963
