data:
  dataset_name: cora,citeseer,pubmed
experiment:
  n_splits: 100
  n_trials: 1
model:
  attn_dropout: 0.3
  basepoint: false
  diff: false
  dropout: 0.9
  gnn_type: GSAN
  jk_type: null
  l2_reg: 0.01
  learn_embedding: false
  n_depth: 1
  n_features: 64
  n_heads: 8
  n_levels: 2
  n_post: 0
  n_pre: 0
  n_steps: 5
  norm_type: layer
opt:
  es_patience: 50
  lr_init: 0.01
  mode: min
  monitor: val_loss
  n_epochs: 1000
results:
  test:
    acc: 0.8020135760307312
    auprc: 0.8763942718505859
    auroc: 0.9334906935691833
    loss: 0.7202465534210205
  train:
    acc: 1.0
    auprc: 1.0
    auroc: 0.9999999403953552
    loss: 0.2322877049446106
  val:
    acc: 0.7777776718139648
    auprc: 0.8691262602806091
    auroc: 0.927963137626648
    loss: 0.7389463186264038
