data:
  dataset_name: cora,citeseer,pubmed
  khop: 1
experiment:
  n_splits: 100
  n_trials: 1
model:
  attn_dropout: 0.3
  basepoint: false
  diff: false
  dropout: 0.9
  gnn_type: GSAN
  jk_type: null
  l2_reg: 0.01
  learn_embedding: false
  n_depth: 1
  n_features: 64
  n_heads: 8
  n_levels: 2
  n_post: 0
  n_pre: 0
  n_steps: 5
  norm_type: layer
opt:
  es_patience: 50
  lr_init: 0.01
  mode: min
  monitor: val_loss
  n_epochs: 1000
results:
  test:
    acc: 0.7753067016601562
    auprc: 0.8253219127655029
    auroc: 0.9042002558708191
    loss: 0.9120793342590332
  train:
    acc: 1.0
    auprc: 0.9999998807907104
    auroc: 0.9999997615814209
    loss: 0.2576702833175659
  val:
    acc: 0.7666667699813843
    auprc: 0.7430428266525269
    auroc: 0.8638891577720642
    loss: 1.14107346534729
