data:
  dataset_name: cora,citeseer,pubmed
  khop: 2
experiment:
  n_splits: 100
  n_trials: 1
model:
  attn_dropout: 0.3
  basepoint: false
  diff: false
  dropout: 0.9
  gnn_type: GSAN
  jk_type: null
  l2_reg: 0.01
  learn_embedding: false
  n_depth: 1
  n_features: 64
  n_heads: 8
  n_levels: 2
  n_post: 0
  n_pre: 0
  n_steps: 5
  norm_type: layer
opt:
  es_patience: 50
  lr_init: 0.01
  mode: min
  monitor: val_loss
  n_epochs: 1000
results:
  test:
    acc: 0.7733749151229858
    auprc: 0.8508004546165466
    auroc: 0.9184750914573669
    loss: 0.7780236005783081
  train:
    acc: 1.0
    auprc: 1.000000238418579
    auroc: 0.9999997615814209
    loss: 0.33115270733833313
  val:
    acc: 0.7444444894790649
    auprc: 0.7935293316841125
    auroc: 0.8977470993995667
    loss: 0.8452169299125671
