data:
  dataset_name: cora,citeseer,pubmed
  khop: 1
experiment:
  n_splits: 100
  n_trials: 1
model:
  basepoint: false
  diff: false
  dropout: 0.9
  gnn_type: GSN
  jk_type: null
  l2_reg: 0.01
  learn_embedding: false
  n_depth: 1
  n_features: 64
  n_levels: 2
  n_post: 0
  n_pre: 0
  n_steps: 5
  norm_type: layer
opt:
  es_patience: 50
  lr_init: 0.01
  mode: min
  monitor: val_loss
  n_epochs: 1000
results:
  test:
    acc: 0.8078256845474243
    auprc: 0.88097083568573
    auroc: 0.9336175918579102
    loss: 0.6963585615158081
  train:
    acc: 1.0
    auprc: 1.000000238418579
    auroc: 0.9999998807907104
    loss: 0.15028133988380432
  val:
    acc: 0.8111112117767334
    auprc: 0.8817430734634399
    auroc: 0.9327780604362488
    loss: 0.6978651285171509
