data:
  dataset_name: cora,citeseer,pubmed
experiment:
  n_splits: 100
  n_trials: 1
model:
  attn_dropout: 0.3
  basepoint: false
  diff: false
  dropout: 0.9
  gnn_type: GSAN
  jk_type: null
  l2_reg: 0.01
  learn_embedding: false
  n_depth: 1
  n_features: 64
  n_heads: 8
  n_levels: 2
  n_post: 0
  n_pre: 0
  n_steps: 5
  norm_type: layer
opt:
  es_patience: 50
  lr_init: 0.01
  mode: min
  monitor: val_loss
  n_epochs: 1000
results:
  test:
    acc: 0.7939388155937195
    auprc: 0.8583636283874512
    auroc: 0.9217801690101624
    loss: 0.7973867654800415
  train:
    acc: 1.0
    auprc: 0.9999998807907104
    auroc: 0.9999998211860657
    loss: 0.27736273407936096
  val:
    acc: 0.8222222328186035
    auprc: 0.9235950708389282
    auroc: 0.9584876894950867
    loss: 0.6214795708656311
