data:
  dataset_name: cora,citeseer,pubmed
  khop: 1
experiment:
  n_splits: 100
  n_trials: 1
model:
  basepoint: false
  diff: false
  dropout: 0.9
  gnn_type: GSN
  jk_type: null
  l2_reg: 0.01
  learn_embedding: false
  n_depth: 1
  n_features: 64
  n_levels: 2
  n_post: 0
  n_pre: 0
  n_steps: 5
  norm_type: layer
opt:
  es_patience: 50
  lr_init: 0.01
  mode: min
  monitor: val_loss
  n_epochs: 1000
results:
  test:
    acc: 0.7595095038414001
    auprc: 0.831220805644989
    auroc: 0.9096807837486267
    loss: 0.8686771392822266
  train:
    acc: 1.0
    auprc: 1.0000008344650269
    auroc: 1.0
    loss: 0.31709903478622437
  val:
    acc: 0.7666666507720947
    auprc: 0.8217612504959106
    auroc: 0.9174385666847229
    loss: 0.8257277011871338
