data:
  dataset_name: cora,citeseer,pubmed
  khop: 1
experiment:
  n_splits: 100
  n_trials: 1
model:
  basepoint: false
  diff: false
  dropout: 0.9
  gnn_type: GSN
  jk_type: null
  l2_reg: 0.01
  learn_embedding: false
  n_depth: 1
  n_features: 64
  n_levels: 2
  n_post: 0
  n_pre: 0
  n_steps: 5
  norm_type: layer
opt:
  es_patience: 50
  lr_init: 0.01
  mode: min
  monitor: val_loss
  n_epochs: 1000
results:
  test:
    acc: 0.7243440747261047
    auprc: 0.7901974320411682
    auroc: 0.8852747082710266
    loss: 1.004438877105713
  train:
    acc: 1.0
    auprc: 1.0
    auroc: 1.0
    loss: 0.2644435465335846
  val:
    acc: 0.8000000715255737
    auprc: 0.8546366095542908
    auroc: 0.9102780222892761
    loss: 0.9169668555259705
