data:
  dataset_name: cora,citeseer,pubmed
  khop: 2
experiment:
  n_splits: 100
  n_trials: 1
model:
  attn_dropout: 0.3
  basepoint: false
  diff: false
  dropout: 0.9
  gnn_type: GSAN
  jk_type: null
  l2_reg: 0.01
  learn_embedding: false
  n_depth: 1
  n_features: 64
  n_heads: 8
  n_levels: 2
  n_post: 0
  n_pre: 0
  n_steps: 5
  norm_type: layer
opt:
  es_patience: 50
  lr_init: 0.01
  mode: min
  monitor: val_loss
  n_epochs: 1000
results:
  test:
    acc: 0.7898551225662231
    auprc: 0.8521957397460938
    auroc: 0.9198341369628906
    loss: 0.7477512359619141
  train:
    acc: 0.9833333492279053
    auprc: 0.9997248649597168
    auroc: 0.9998608231544495
    loss: 0.2666234076023102
  val:
    acc: 0.6777778267860413
    auprc: 0.7335096597671509
    auroc: 0.8528398275375366
    loss: 0.953514814376831
