data:
  dataset_name: cora,citeseer,pubmed
  khop: 1
experiment:
  n_splits: 100
  n_trials: 1
model:
  attn_dropout: 0.3
  basepoint: false
  diff: false
  dropout: 0.9
  gnn_type: GSAN
  jk_type: null
  l2_reg: 0.01
  learn_embedding: false
  n_depth: 1
  n_features: 64
  n_heads: 8
  n_levels: 2
  n_post: 0
  n_pre: 0
  n_steps: 5
  norm_type: layer
opt:
  es_patience: 50
  lr_init: 0.01
  mode: min
  monitor: val_loss
  n_epochs: 1000
results:
  test:
    acc: 0.788396418094635
    auprc: 0.8498955368995667
    auroc: 0.9180005788803101
    loss: 0.804944634437561
  train:
    acc: 1.0
    auprc: 1.0000011920928955
    auroc: 1.0
    loss: 0.18721148371696472
  val:
    acc: 0.7777777910232544
    auprc: 0.8640605211257935
    auroc: 0.9279941320419312
    loss: 0.7341030836105347
