data:
  dataset_name: cora,citeseer,pubmed
  khop: 1
experiment:
  n_splits: 100
  n_trials: 1
model:
  attn_dropout: 0.3
  basepoint: false
  diff: false
  dropout: 0.9
  gnn_type: GSAN
  jk_type: null
  l2_reg: 0.01
  learn_embedding: false
  n_depth: 1
  n_features: 64
  n_heads: 8
  n_levels: 2
  n_post: 0
  n_pre: 0
  n_steps: 5
  norm_type: layer
opt:
  es_patience: 50
  lr_init: 0.01
  mode: min
  monitor: val_loss
  n_epochs: 1000
results:
  test:
    acc: 0.7864184379577637
    auprc: 0.8257042169570923
    auroc: 0.9065039157867432
    loss: 0.9307166337966919
  train:
    acc: 1.0
    auprc: 1.0000007152557373
    auroc: 0.9999998807907104
    loss: 0.1591784507036209
  val:
    acc: 0.8444445133209229
    auprc: 0.8542015552520752
    auroc: 0.9256795644760132
    loss: 0.7511917352676392
