data:
  dataset_name: cora,citeseer,pubmed
  khop: 2
experiment:
  n_splits: 100
  n_trials: 1
model:
  attn_dropout: 0.3
  basepoint: false
  diff: false
  dropout: 0.9
  gnn_type: GSAN
  jk_type: null
  l2_reg: 0.01
  learn_embedding: false
  n_depth: 1
  n_features: 64
  n_heads: 8
  n_levels: 2
  n_post: 0
  n_pre: 0
  n_steps: 5
  norm_type: layer
opt:
  es_patience: 50
  lr_init: 0.01
  mode: min
  monitor: val_loss
  n_epochs: 1000
results:
  test:
    acc: 0.7567198276519775
    auprc: 0.8205351829528809
    auroc: 0.9039377570152283
    loss: 0.8626309633255005
  train:
    acc: 1.0
    auprc: 1.0000009536743164
    auroc: 1.000000238418579
    loss: 0.20200859010219574
  val:
    acc: 0.7888888120651245
    auprc: 0.8293329477310181
    auroc: 0.9116668105125427
    loss: 0.8563097715377808
