data:
  dataset_name: cora,citeseer,pubmed
  khop: 1
experiment:
  n_splits: 100
  n_trials: 1
model:
  basepoint: false
  diff: false
  dropout: 0.9
  gnn_type: GSN
  jk_type: null
  l2_reg: 0.01
  learn_embedding: false
  n_depth: 1
  n_features: 64
  n_levels: 2
  n_post: 0
  n_pre: 0
  n_steps: 5
  norm_type: layer
opt:
  es_patience: 50
  lr_init: 0.01
  mode: min
  monitor: val_loss
  n_epochs: 1000
results:
  test:
    acc: 0.7792444825172424
    auprc: 0.8562948107719421
    auroc: 0.9194461107254028
    loss: 0.8173059225082397
  train:
    acc: 1.0
    auprc: 1.0
    auroc: 0.9999996423721313
    loss: 0.17684891819953918
  val:
    acc: 0.8222222924232483
    auprc: 0.9303417205810547
    auroc: 0.9596298933029175
    loss: 0.5883810520172119
