data:
  dataset_name: cora,citeseer,pubmed
  khop: 1
experiment:
  n_splits: 100
  n_trials: 1
model:
  basepoint: false
  diff: false
  dropout: 0.9
  gnn_type: GSN
  jk_type: null
  l2_reg: 0.01
  learn_embedding: false
  n_depth: 1
  n_features: 64
  n_levels: 2
  n_post: 0
  n_pre: 0
  n_steps: 5
  norm_type: layer
opt:
  es_patience: 50
  lr_init: 0.01
  mode: min
  monitor: val_loss
  n_epochs: 1000
results:
  test:
    acc: 0.785940408706665
    auprc: 0.8583735227584839
    auroc: 0.9239933490753174
    loss: 0.7846097350120544
  train:
    acc: 1.0
    auprc: 0.9999999403953552
    auroc: 0.9999995231628418
    loss: 0.17806465923786163
  val:
    acc: 0.7555556297302246
    auprc: 0.8492191433906555
    auroc: 0.9195374250411987
    loss: 0.8009507656097412
