data:
  dataset_name: cora,citeseer,pubmed
experiment:
  n_splits: 100
  n_trials: 1
model:
  attn_dropout: 0.3
  basepoint: false
  diff: false
  dropout: 0.9
  gnn_type: GSAN
  jk_type: null
  l2_reg: 0.01
  learn_embedding: false
  n_depth: 1
  n_features: 64
  n_heads: 8
  n_levels: 2
  n_post: 0
  n_pre: 0
  n_steps: 5
  norm_type: layer
opt:
  es_patience: 50
  lr_init: 0.01
  mode: min
  monitor: val_loss
  n_epochs: 1000
results:
  test:
    acc: 0.7933255434036255
    auprc: 0.8591156005859375
    auroc: 0.9245955944061279
    loss: 0.8036507368087769
  train:
    acc: 1.0
    auprc: 1.0000001192092896
    auroc: 0.9999996423721313
    loss: 0.2078056037425995
  val:
    acc: 0.7555555105209351
    auprc: 0.8310815095901489
    auroc: 0.9095988273620605
    loss: 0.8854859471321106
