data:
  dataset_name: cora,citeseer,pubmed
  khop: 1
experiment:
  n_splits: 100
  n_trials: 1
model:
  attn_dropout: 0.3
  basepoint: false
  diff: false
  dropout: 0.9
  gnn_type: GSAN
  jk_type: null
  l2_reg: 0.01
  learn_embedding: false
  n_depth: 1
  n_features: 64
  n_heads: 8
  n_levels: 2
  n_post: 0
  n_pre: 0
  n_steps: 5
  norm_type: layer
opt:
  es_patience: 50
  lr_init: 0.01
  mode: min
  monitor: val_loss
  n_epochs: 1000
results:
  test:
    acc: 0.782073438167572
    auprc: 0.8581188917160034
    auroc: 0.9193445444107056
    loss: 0.828493595123291
  train:
    acc: 0.966666579246521
    auprc: 0.9974343776702881
    auroc: 0.9986805319786072
    loss: 0.35399967432022095
  val:
    acc: 0.7222222685813904
    auprc: 0.8025582432746887
    auroc: 0.890771746635437
    loss: 0.9134331941604614
