data:
  dataset_name: cora,citeseer,pubmed
experiment:
  n_splits: 100
  n_trials: 1
model:
  attn_dropout: 0.3
  basepoint: false
  diff: false
  dropout: 0.9
  gnn_type: GSAN
  jk_type: null
  l2_reg: 0.01
  learn_embedding: false
  n_depth: 1
  n_features: 64
  n_heads: 8
  n_levels: 2
  n_post: 0
  n_pre: 0
  n_steps: 5
  norm_type: layer
opt:
  es_patience: 50
  lr_init: 0.01
  mode: min
  monitor: val_loss
  n_epochs: 1000
results:
  test:
    acc: 0.8092196583747864
    auprc: 0.8833246231079102
    auroc: 0.936083197593689
    loss: 0.6954480409622192
  train:
    acc: 0.9833333492279053
    auprc: 0.9997251033782959
    auroc: 0.9998611807823181
    loss: 0.2452484369277954
  val:
    acc: 0.7444444894790649
    auprc: 0.8555852174758911
    auroc: 0.9165126085281372
    loss: 0.7955104112625122
