data:
  dataset_name: cora,citeseer,pubmed
  khop: 1
experiment:
  n_splits: 100
  n_trials: 1
model:
  basepoint: false
  diff: false
  dropout: 0.9
  gnn_type: GSN
  jk_type: null
  l2_reg: 0.01
  learn_embedding: false
  n_depth: 1
  n_features: 64
  n_levels: 2
  n_post: 0
  n_pre: 0
  n_steps: 5
  norm_type: layer
opt:
  es_patience: 50
  lr_init: 0.01
  mode: min
  monitor: val_loss
  n_epochs: 1000
results:
  test:
    acc: 0.7478489279747009
    auprc: 0.8378704190254211
    auroc: 0.9098766446113586
    loss: 0.8526294231414795
  train:
    acc: 1.0
    auprc: 1.0000004768371582
    auroc: 1.0000001192092896
    loss: 0.2721708416938782
  val:
    acc: 0.7222221493721008
    auprc: 0.771370530128479
    auroc: 0.8828704953193665
    loss: 0.9927330017089844
