data:
  dataset_name: cora,citeseer,pubmed
  khop: 2
experiment:
  n_splits: 100
  n_trials: 1
model:
  basepoint: false
  diff: false
  dropout: 0.9
  gnn_type: GSN
  jk_type: null
  l2_reg: 0.01
  learn_embedding: false
  n_depth: 1
  n_features: 64
  n_levels: 2
  n_post: 0
  n_pre: 0
  n_steps: 5
  norm_type: layer
opt:
  es_patience: 50
  lr_init: 0.01
  mode: min
  monitor: val_loss
  n_epochs: 1000
results:
  test:
    acc: 0.78031325340271
    auprc: 0.8462028503417969
    auroc: 0.9181759357452393
    loss: 0.8242895007133484
  train:
    acc: 1.0
    auprc: 0.9999999403953552
    auroc: 0.9999998211860657
    loss: 0.21175135672092438
  val:
    acc: 0.7777778506278992
    auprc: 0.8171704411506653
    auroc: 0.903858482837677
    loss: 0.9455154538154602
