data:
  dataset_name: cora,citeseer,pubmed
  khop: 2
experiment:
  n_splits: 100
  n_trials: 1
model:
  attn_dropout: 0.3
  basepoint: false
  diff: false
  dropout: 0.9
  gnn_type: GSAN
  jk_type: null
  l2_reg: 0.01
  learn_embedding: false
  n_depth: 1
  n_features: 64
  n_heads: 8
  n_levels: 2
  n_post: 0
  n_pre: 0
  n_steps: 5
  norm_type: layer
opt:
  es_patience: 50
  lr_init: 0.01
  mode: min
  monitor: val_loss
  n_epochs: 1000
results:
  test:
    acc: 0.7473404407501221
    auprc: 0.7900632619857788
    auroc: 0.8878538012504578
    loss: 1.0599957704544067
  train:
    acc: 1.0
    auprc: 1.000000238418579
    auroc: 0.9999999403953552
    loss: 0.36655712127685547
  val:
    acc: 0.7222222685813904
    auprc: 0.7746405601501465
    auroc: 0.8893211483955383
    loss: 1.0590852499008179
