data:
  dataset_name: cora,citeseer,pubmed
  khop: 1
experiment:
  n_splits: 100
  n_trials: 1
model:
  attn_dropout: 0.3
  basepoint: false
  diff: false
  dropout: 0.9
  gnn_type: GSAN
  jk_type: null
  l2_reg: 0.01
  learn_embedding: false
  n_depth: 1
  n_features: 64
  n_heads: 8
  n_levels: 2
  n_post: 0
  n_pre: 0
  n_steps: 5
  norm_type: layer
opt:
  es_patience: 50
  lr_init: 0.01
  mode: min
  monitor: val_loss
  n_epochs: 1000
results:
  test:
    acc: 0.7880804538726807
    auprc: 0.8489713668823242
    auroc: 0.9174627065658569
    loss: 0.8477358818054199
  train:
    acc: 1.0
    auprc: 1.0000004768371582
    auroc: 0.9999998807907104
    loss: 0.23007702827453613
  val:
    acc: 0.7777777910232544
    auprc: 0.8444715738296509
    auroc: 0.9139198660850525
    loss: 0.8630247712135315
