data:
  dataset_name: cora,citeseer,pubmed
experiment:
  n_splits: 100
  n_trials: 1
model:
  attn_dropout: 0.3
  basepoint: false
  diff: false
  dropout: 0.9
  gnn_type: GSAN
  jk_type: null
  l2_reg: 0.01
  learn_embedding: false
  n_depth: 1
  n_features: 64
  n_heads: 8
  n_levels: 2
  n_post: 0
  n_pre: 0
  n_steps: 5
  norm_type: layer
opt:
  es_patience: 50
  lr_init: 0.01
  mode: min
  monitor: val_loss
  n_epochs: 1000
results:
  test:
    acc: 0.7884193658828735
    auprc: 0.8341649770736694
    auroc: 0.9149845838546753
    loss: 0.8222324848175049
  train:
    acc: 1.0
    auprc: 1.0
    auroc: 1.0
    loss: 0.26719266176223755
  val:
    acc: 0.8333333730697632
    auprc: 0.8732727766036987
    auroc: 0.9352777004241943
    loss: 0.7216004133224487
