data:
  dataset_name: cora,citeseer,pubmed
  khop: 2
experiment:
  n_splits: 100
  n_trials: 1
model:
  attn_dropout: 0.3
  basepoint: false
  diff: false
  dropout: 0.9
  gnn_type: GSAN
  jk_type: null
  l2_reg: 0.01
  learn_embedding: false
  n_depth: 1
  n_features: 64
  n_heads: 8
  n_levels: 2
  n_post: 0
  n_pre: 0
  n_steps: 5
  norm_type: layer
opt:
  es_patience: 50
  lr_init: 0.01
  mode: min
  monitor: val_loss
  n_epochs: 1000
results:
  test:
    acc: 0.7614968419075012
    auprc: 0.8177698850631714
    auroc: 0.8940889835357666
    loss: 0.9981735944747925
  train:
    acc: 1.0
    auprc: 0.9999999403953552
    auroc: 0.9999995231628418
    loss: 0.11339220404624939
  val:
    acc: 0.7777778506278992
    auprc: 0.8841382265090942
    auroc: 0.9335808753967285
    loss: 0.7208667993545532
