data:
  dataset_name: cora,citeseer,pubmed
experiment:
  n_splits: 100
  n_trials: 1
model:
  attn_dropout: 0.3
  basepoint: false
  diff: false
  dropout: 0.9
  gnn_type: GSAN
  jk_type: null
  l2_reg: 0.01
  learn_embedding: false
  n_depth: 1
  n_features: 64
  n_heads: 8
  n_levels: 2
  n_post: 0
  n_pre: 0
  n_steps: 5
  norm_type: layer
opt:
  es_patience: 50
  lr_init: 0.01
  mode: min
  monitor: val_loss
  n_epochs: 1000
results:
  test:
    acc: 0.7872438430786133
    auprc: 0.8507278561592102
    auroc: 0.9181234240531921
    loss: 0.8260200619697571
  train:
    acc: 1.0
    auprc: 0.9999998807907104
    auroc: 0.9999996423721313
    loss: 0.09046055376529694
  val:
    acc: 0.8444445133209229
    auprc: 0.9042696952819824
    auroc: 0.9419450163841248
    loss: 0.6560692191123962
