data:
  dataset_name: cora,citeseer,pubmed
  khop: 1
experiment:
  n_splits: 100
  n_trials: 1
model:
  attn_dropout: 0.3
  basepoint: false
  diff: false
  dropout: 0.9
  gnn_type: GSAN
  jk_type: null
  l2_reg: 0.01
  learn_embedding: false
  n_depth: 1
  n_features: 64
  n_heads: 8
  n_levels: 2
  n_post: 0
  n_pre: 0
  n_steps: 5
  norm_type: layer
opt:
  es_patience: 50
  lr_init: 0.01
  mode: min
  monitor: val_loss
  n_epochs: 1000
results:
  test:
    acc: 0.8004660606384277
    auprc: 0.8579595685005188
    auroc: 0.9245555996894836
    loss: 0.8570203185081482
  train:
    acc: 0.9666666388511658
    auprc: 0.9975969791412354
    auroc: 0.9987502098083496
    loss: 0.45907437801361084
  val:
    acc: 0.6777778267860413
    auprc: 0.720840334892273
    auroc: 0.8554629683494568
    loss: 1.1045626401901245
