data:
  dataset_name: cora,citeseer,pubmed
experiment:
  n_splits: 100
  n_trials: 1
model:
  attn_dropout: 0.3
  basepoint: false
  diff: false
  dropout: 0.9
  gnn_type: GSAN
  jk_type: null
  l2_reg: 0.01
  learn_embedding: false
  n_depth: 1
  n_features: 64
  n_heads: 8
  n_levels: 2
  n_post: 0
  n_pre: 0
  n_steps: 5
  norm_type: layer
opt:
  es_patience: 50
  lr_init: 0.01
  mode: min
  monitor: val_loss
  n_epochs: 1000
results:
  test:
    acc: 0.7629683017730713
    auprc: 0.8406152129173279
    auroc: 0.9116548299789429
    loss: 0.8221118450164795
  train:
    acc: 0.9833333492279053
    auprc: 0.9997246861457825
    auroc: 0.9998612403869629
    loss: 0.2498408406972885
  val:
    acc: 0.8333333730697632
    auprc: 0.9141474962234497
    auroc: 0.9521915912628174
    loss: 0.6172283887863159
