data:
  dataset_name: cora,citeseer,pubmed
  khop: 2
experiment:
  n_splits: 100
  n_trials: 1
model:
  basepoint: false
  diff: false
  dropout: 0.9
  gnn_type: GSN
  jk_type: null
  l2_reg: 0.01
  learn_embedding: false
  n_depth: 1
  n_features: 64
  n_levels: 2
  n_post: 0
  n_pre: 0
  n_steps: 5
  norm_type: layer
opt:
  es_patience: 50
  lr_init: 0.01
  mode: min
  monitor: val_loss
  n_epochs: 1000
results:
  test:
    acc: 0.779849112033844
    auprc: 0.8364760875701904
    auroc: 0.9101532697677612
    loss: 0.867470920085907
  train:
    acc: 1.0
    auprc: 1.0000001192092896
    auroc: 0.9999999403953552
    loss: 0.1687621772289276
  val:
    acc: 0.7222222685813904
    auprc: 0.7563422918319702
    auroc: 0.8642286658287048
    loss: 1.077805757522583
