data:
  dataset_name: cora,citeseer,pubmed
  khop: 1
experiment:
  n_splits: 100
  n_trials: 1
model:
  basepoint: false
  diff: false
  dropout: 0.9
  gnn_type: GSN
  jk_type: null
  l2_reg: 0.01
  learn_embedding: false
  n_depth: 1
  n_features: 64
  n_levels: 2
  n_post: 0
  n_pre: 0
  n_steps: 5
  norm_type: layer
opt:
  es_patience: 50
  lr_init: 0.01
  mode: min
  monitor: val_loss
  n_epochs: 1000
results:
  test:
    acc: 0.7834765315055847
    auprc: 0.8639338612556458
    auroc: 0.925788938999176
    loss: 0.7548898458480835
  train:
    acc: 1.0
    auprc: 1.0000011920928955
    auroc: 0.9999997019767761
    loss: 0.1845572292804718
  val:
    acc: 0.7777778506278992
    auprc: 0.8620904684066772
    auroc: 0.917870819568634
    loss: 0.819754958152771
