data:
  dataset_name: cora,citeseer,pubmed
  khop: 1
experiment:
  n_splits: 100
  n_trials: 1
model:
  basepoint: false
  diff: false
  dropout: 0.9
  gnn_type: GSN
  jk_type: null
  l2_reg: 0.01
  learn_embedding: false
  n_depth: 1
  n_features: 64
  n_levels: 2
  n_post: 0
  n_pre: 0
  n_steps: 5
  norm_type: layer
opt:
  es_patience: 50
  lr_init: 0.01
  mode: min
  monitor: val_loss
  n_epochs: 1000
results:
  test:
    acc: 0.7849594354629517
    auprc: 0.8466012477874756
    auroc: 0.918218731880188
    loss: 0.869279682636261
  train:
    acc: 1.0
    auprc: 1.0
    auroc: 0.9999995827674866
    loss: 0.1966642588376999
  val:
    acc: 0.8222222924232483
    auprc: 0.899961531162262
    auroc: 0.9440435767173767
    loss: 0.6838294267654419
