data:
  dataset_name: cora,citeseer,pubmed
  khop: 1
experiment:
  n_splits: 100
  n_trials: 1
model:
  basepoint: false
  diff: false
  dropout: 0.9
  gnn_type: GSN
  jk_type: null
  l2_reg: 0.01
  learn_embedding: false
  n_depth: 1
  n_features: 64
  n_levels: 2
  n_post: 0
  n_pre: 0
  n_steps: 5
  norm_type: layer
opt:
  es_patience: 50
  lr_init: 0.01
  mode: min
  monitor: val_loss
  n_epochs: 1000
results:
  test:
    acc: 0.794443666934967
    auprc: 0.8535064458847046
    auroc: 0.916400671005249
    loss: 0.856992781162262
  train:
    acc: 1.0
    auprc: 1.0000004768371582
    auroc: 0.9999997019767761
    loss: 0.2700425684452057
  val:
    acc: 0.7444444894790649
    auprc: 0.7758314609527588
    auroc: 0.8740435242652893
    loss: 1.1291053295135498
