data:
  dataset_name: cora,citeseer,pubmed
  khop: 1
experiment:
  n_splits: 100
  n_trials: 1
model:
  basepoint: false
  diff: false
  dropout: 0.9
  gnn_type: GSN
  jk_type: null
  l2_reg: 0.01
  learn_embedding: false
  n_depth: 1
  n_features: 64
  n_levels: 2
  n_post: 0
  n_pre: 0
  n_steps: 5
  norm_type: layer
opt:
  es_patience: 50
  lr_init: 0.01
  mode: min
  monitor: val_loss
  n_epochs: 1000
results:
  test:
    acc: 0.7896499037742615
    auprc: 0.8637486696243286
    auroc: 0.9246297478675842
    loss: 0.7455471754074097
  train:
    acc: 1.0
    auprc: 1.0
    auroc: 0.9999997615814209
    loss: 0.1765299290418625
  val:
    acc: 0.8111112117767334
    auprc: 0.8609039783477783
    auroc: 0.9304324388504028
    loss: 0.7223721742630005
