data:
  dataset_name: cora,citeseer,pubmed
  khop: 1
experiment:
  n_splits: 100
  n_trials: 1
model:
  basepoint: false
  diff: false
  dropout: 0.9
  gnn_type: GSN
  jk_type: null
  l2_reg: 0.01
  learn_embedding: false
  n_depth: 1
  n_features: 64
  n_levels: 2
  n_post: 0
  n_pre: 0
  n_steps: 5
  norm_type: layer
opt:
  es_patience: 50
  lr_init: 0.01
  mode: min
  monitor: val_loss
  n_epochs: 1000
results:
  test:
    acc: 0.7992698550224304
    auprc: 0.8466466665267944
    auroc: 0.9183436036109924
    loss: 0.8391945362091064
  train:
    acc: 1.0
    auprc: 0.9999999403953552
    auroc: 0.9999997019767761
    loss: 0.10340043902397156
  val:
    acc: 0.8444445133209229
    auprc: 0.852408766746521
    auroc: 0.9309571981430054
    loss: 0.6683523654937744
