data:
  dataset_name: cora,citeseer,pubmed
  khop: 1
experiment:
  n_splits: 100
  n_trials: 1
model:
  attn_dropout: 0.3
  basepoint: false
  diff: false
  dropout: 0.9
  gnn_type: GSAN
  jk_type: null
  l2_reg: 0.01
  learn_embedding: false
  n_depth: 1
  n_features: 64
  n_heads: 8
  n_levels: 2
  n_post: 0
  n_pre: 0
  n_steps: 5
  norm_type: layer
opt:
  es_patience: 50
  lr_init: 0.01
  mode: min
  monitor: val_loss
  n_epochs: 1000
results:
  test:
    acc: 0.7864492535591125
    auprc: 0.8501583933830261
    auroc: 0.9192548394203186
    loss: 0.8067976832389832
  train:
    acc: 0.9833333492279053
    auprc: 0.9997246265411377
    auroc: 0.9998610019683838
    loss: 0.20879195630550385
  val:
    acc: 0.7777776718139648
    auprc: 0.8809866309165955
    auroc: 0.9294445514678955
    loss: 0.7554109692573547
