data:
  dataset_name: cora,citeseer,pubmed
  khop: 1
experiment:
  n_splits: 100
  n_trials: 1
model:
  attn_dropout: 0.3
  basepoint: false
  diff: false
  dropout: 0.9
  gnn_type: GSAN
  jk_type: null
  l2_reg: 0.01
  learn_embedding: false
  n_depth: 1
  n_features: 64
  n_heads: 8
  n_levels: 2
  n_post: 0
  n_pre: 0
  n_steps: 5
  norm_type: layer
opt:
  es_patience: 50
  lr_init: 0.01
  mode: min
  monitor: val_loss
  n_epochs: 1000
results:
  test:
    acc: 0.774591326713562
    auprc: 0.8314006924629211
    auroc: 0.9076359272003174
    loss: 0.8669337034225464
  train:
    acc: 1.0
    auprc: 1.000000238418579
    auroc: 0.9999999403953552
    loss: 0.1935303509235382
  val:
    acc: 0.7999998927116394
    auprc: 0.8430278897285461
    auroc: 0.9160495400428772
    loss: 0.7893660664558411
