data:
  dataset_name: cora,citeseer,pubmed
  khop: 2
experiment:
  n_splits: 100
  n_trials: 1
model:
  basepoint: false
  diff: false
  dropout: 0.9
  gnn_type: GSN
  jk_type: null
  l2_reg: 0.01
  learn_embedding: false
  n_depth: 1
  n_features: 64
  n_levels: 2
  n_post: 0
  n_pre: 0
  n_steps: 5
  norm_type: layer
opt:
  es_patience: 50
  lr_init: 0.01
  mode: min
  monitor: val_loss
  n_epochs: 1000
results:
  test:
    acc: 0.7709271311759949
    auprc: 0.8547080755233765
    auroc: 0.9196155071258545
    loss: 0.7960264682769775
  train:
    acc: 1.0
    auprc: 1.0
    auroc: 0.9999996423721313
    loss: 0.15385133028030396
  val:
    acc: 0.7444444894790649
    auprc: 0.8209478259086609
    auroc: 0.9101547002792358
    loss: 0.7903519868850708
