data:
  dataset_name: cora,citeseer,pubmed
  khop: 2
experiment:
  n_splits: 100
  n_trials: 1
model:
  basepoint: false
  diff: false
  dropout: 0.9
  gnn_type: GSN
  jk_type: null
  l2_reg: 0.01
  learn_embedding: false
  n_depth: 1
  n_features: 64
  n_levels: 2
  n_post: 0
  n_pre: 0
  n_steps: 5
  norm_type: layer
opt:
  es_patience: 50
  lr_init: 0.01
  mode: min
  monitor: val_loss
  n_epochs: 1000
results:
  test:
    acc: 0.7534308433532715
    auprc: 0.8063471913337708
    auroc: 0.8940637707710266
    loss: 0.9764896631240845
  train:
    acc: 1.0
    auprc: 0.9999999403953552
    auroc: 0.9999996423721313
    loss: 0.12753809988498688
  val:
    acc: 0.7999999523162842
    auprc: 0.8875313401222229
    auroc: 0.9368212223052979
    loss: 0.7031973004341125
