data:
  dataset_name: cora,citeseer,pubmed
  khop: 1
experiment:
  n_splits: 100
  n_trials: 1
model:
  attn_dropout: 0.3
  basepoint: false
  diff: false
  dropout: 0.9
  gnn_type: GSAN
  jk_type: null
  l2_reg: 0.01
  learn_embedding: false
  n_depth: 1
  n_features: 64
  n_heads: 8
  n_levels: 2
  n_post: 0
  n_pre: 0
  n_steps: 5
  norm_type: layer
opt:
  es_patience: 50
  lr_init: 0.01
  mode: min
  monitor: val_loss
  n_epochs: 1000
results:
  test:
    acc: 0.7345061302185059
    auprc: 0.7764156460762024
    auroc: 0.8818251490592957
    loss: 0.9613363146781921
  train:
    acc: 0.9333333969116211
    auprc: 0.99439537525177
    auroc: 0.997083306312561
    loss: 0.44579818844795227
  val:
    acc: 0.7111111879348755
    auprc: 0.7095426917076111
    auroc: 0.8396297693252563
    loss: 1.1300952434539795
