data:
  dataset_name: cora,citeseer,pubmed
  khop: 1
experiment:
  n_splits: 100
  n_trials: 1
model:
  basepoint: false
  diff: false
  dropout: 0.9
  gnn_type: GSN
  jk_type: null
  l2_reg: 0.01
  learn_embedding: false
  n_depth: 1
  n_features: 64
  n_levels: 2
  n_post: 0
  n_pre: 0
  n_steps: 5
  norm_type: layer
opt:
  es_patience: 50
  lr_init: 0.01
  mode: min
  monitor: val_loss
  n_epochs: 1000
results:
  test:
    acc: 0.7581977844238281
    auprc: 0.823763370513916
    auroc: 0.9008738994598389
    loss: 0.8914101123809814
  train:
    acc: 1.0
    auprc: 1.000000238418579
    auroc: 1.0
    loss: 0.2109324187040329
  val:
    acc: 0.7111111283302307
    auprc: 0.8293887376785278
    auroc: 0.8856792449951172
    loss: 0.9797585010528564
