data:
  dataset_name: cora,citeseer,pubmed
  khop: 1
experiment:
  n_splits: 100
  n_trials: 1
model:
  attn_dropout: 0.3
  basepoint: false
  diff: false
  dropout: 0.9
  gnn_type: GSAN
  jk_type: null
  l2_reg: 0.01
  learn_embedding: false
  n_depth: 1
  n_features: 64
  n_heads: 8
  n_levels: 2
  n_post: 0
  n_pre: 0
  n_steps: 5
  norm_type: layer
opt:
  es_patience: 50
  lr_init: 0.01
  mode: min
  monitor: val_loss
  n_epochs: 1000
results:
  test:
    acc: 0.7777777314186096
    auprc: 0.8414449691772461
    auroc: 0.9125075936317444
    loss: 0.8414850234985352
  train:
    acc: 1.0
    auprc: 1.0000001192092896
    auroc: 0.9999997615814209
    loss: 0.22695501148700714
  val:
    acc: 0.8666667342185974
    auprc: 0.8637566566467285
    auroc: 0.9367900490760803
    loss: 0.6649051904678345
