data:
  dataset_name: cora,citeseer,pubmed
  khop: 1
experiment:
  n_splits: 100
  n_trials: 1
model:
  attn_dropout: 0.3
  basepoint: false
  diff: false
  dropout: 0.9
  gnn_type: GSAN
  jk_type: null
  l2_reg: 0.01
  learn_embedding: false
  n_depth: 1
  n_features: 64
  n_heads: 8
  n_levels: 2
  n_post: 0
  n_pre: 0
  n_steps: 5
  norm_type: layer
opt:
  es_patience: 50
  lr_init: 0.01
  mode: min
  monitor: val_loss
  n_epochs: 1000
results:
  test:
    acc: 0.7973478436470032
    auprc: 0.8505747318267822
    auroc: 0.9215248227119446
    loss: 0.8174811601638794
  train:
    acc: 1.0
    auprc: 1.0
    auroc: 1.0
    loss: 0.25128886103630066
  val:
    acc: 0.8111112117767334
    auprc: 0.9095296859741211
    auroc: 0.9488583207130432
    loss: 0.6791399121284485
