data:
  dataset_name: cora,citeseer,pubmed
  khop: 2
experiment:
  n_splits: 100
  n_trials: 1
model:
  attn_dropout: 0.3
  basepoint: false
  diff: false
  dropout: 0.9
  gnn_type: GSAN
  jk_type: null
  l2_reg: 0.01
  learn_embedding: false
  n_depth: 1
  n_features: 64
  n_heads: 8
  n_levels: 2
  n_post: 0
  n_pre: 0
  n_steps: 5
  norm_type: layer
opt:
  es_patience: 50
  lr_init: 0.01
  mode: min
  monitor: val_loss
  n_epochs: 1000
results:
  test:
    acc: 0.7458686828613281
    auprc: 0.8193638920783997
    auroc: 0.9008257389068604
    loss: 0.889062762260437
  train:
    acc: 1.0
    auprc: 1.000000238418579
    auroc: 1.0000004768371582
    loss: 0.2670019865036011
  val:
    acc: 0.7444444894790649
    auprc: 0.8697864413261414
    auroc: 0.9283332824707031
    loss: 0.7540468573570251
