data:
  dataset_name: cora,citeseer,pubmed
  khop: 1
experiment:
  n_splits: 100
  n_trials: 1
model:
  attn_dropout: 0.3
  basepoint: false
  diff: false
  dropout: 0.9
  gnn_type: GSAN
  jk_type: null
  l2_reg: 0.01
  learn_embedding: false
  n_depth: 1
  n_features: 64
  n_heads: 8
  n_levels: 2
  n_post: 0
  n_pre: 0
  n_steps: 5
  norm_type: layer
opt:
  es_patience: 50
  lr_init: 0.01
  mode: min
  monitor: val_loss
  n_epochs: 1000
results:
  test:
    acc: 0.7813733220100403
    auprc: 0.8529852628707886
    auroc: 0.9190639853477478
    loss: 0.8357881307601929
  train:
    acc: 0.98333340883255
    auprc: 0.9997250437736511
    auroc: 0.9998611211776733
    loss: 0.29072439670562744
  val:
    acc: 0.7888889312744141
    auprc: 0.8626800775527954
    auroc: 0.919043242931366
    loss: 0.8210175633430481
