data:
  dataset_name: cora,citeseer,pubmed
experiment:
  n_splits: 100
  n_trials: 1
model:
  attn_dropout: 0.3
  basepoint: false
  diff: false
  dropout: 0.9
  gnn_type: GSAN
  jk_type: null
  l2_reg: 0.01
  learn_embedding: false
  n_depth: 1
  n_features: 64
  n_heads: 8
  n_levels: 2
  n_post: 0
  n_pre: 0
  n_steps: 5
  norm_type: layer
opt:
  es_patience: 50
  lr_init: 0.01
  mode: min
  monitor: val_loss
  n_epochs: 1000
results:
  test:
    acc: 0.7915880084037781
    auprc: 0.862371563911438
    auroc: 0.9255774021148682
    loss: 0.751602292060852
  train:
    acc: 0.9833333492279053
    auprc: 0.9936363697052002
    auroc: 0.9966668486595154
    loss: 0.3379533886909485
  val:
    acc: 0.7777777910232544
    auprc: 0.8982217311859131
    auroc: 0.9439198970794678
    loss: 0.6734404563903809
