data:
  dataset_name: cora,citeseer,pubmed
experiment:
  n_splits: 100
  n_trials: 1
model:
  attn_dropout: 0.3
  basepoint: false
  diff: false
  dropout: 0.9
  gnn_type: GSAN
  jk_type: null
  l2_reg: 0.01
  learn_embedding: false
  n_depth: 1
  n_features: 64
  n_heads: 8
  n_levels: 2
  n_post: 0
  n_pre: 0
  n_steps: 5
  norm_type: layer
opt:
  es_patience: 50
  lr_init: 0.01
  mode: min
  monitor: val_loss
  n_epochs: 1000
results:
  test:
    acc: 0.7637348175048828
    auprc: 0.8284281492233276
    auroc: 0.9081952571868896
    loss: 0.8549962639808655
  train:
    acc: 1.0
    auprc: 1.0000005960464478
    auroc: 0.9999997019767761
    loss: 0.2274184376001358
  val:
    acc: 0.7666667103767395
    auprc: 0.7745587229728699
    auroc: 0.8880864381790161
    loss: 0.9291080832481384
