data:
  dataset_name: cora,citeseer,pubmed
experiment:
  n_splits: 100
  n_trials: 1
model:
  attn_dropout: 0.3
  basepoint: false
  diff: false
  dropout: 0.9
  gnn_type: GSAN
  jk_type: null
  l2_reg: 0.01
  learn_embedding: false
  n_depth: 1
  n_features: 64
  n_heads: 8
  n_levels: 2
  n_post: 0
  n_pre: 0
  n_steps: 5
  norm_type: layer
opt:
  es_patience: 50
  lr_init: 0.01
  mode: min
  monitor: val_loss
  n_epochs: 1000
results:
  test:
    acc: 0.7457965016365051
    auprc: 0.8256657123565674
    auroc: 0.9056328535079956
    loss: 0.8643036484718323
  train:
    acc: 1.0
    auprc: 1.000000238418579
    auroc: 0.9999998807907104
    loss: 0.286145955324173
  val:
    acc: 0.7222222685813904
    auprc: 0.8159763813018799
    auroc: 0.891110897064209
    loss: 0.955082893371582
