data:
  dataset_name: cora,citeseer,pubmed
  khop: 1
experiment:
  n_splits: 100
  n_trials: 1
model:
  attn_dropout: 0.3
  basepoint: false
  diff: false
  dropout: 0.9
  gnn_type: GSAN
  jk_type: null
  l2_reg: 0.01
  learn_embedding: false
  n_depth: 1
  n_features: 64
  n_heads: 8
  n_levels: 2
  n_post: 0
  n_pre: 0
  n_steps: 5
  norm_type: layer
opt:
  es_patience: 50
  lr_init: 0.01
  mode: min
  monitor: val_loss
  n_epochs: 1000
results:
  test:
    acc: 0.7635647654533386
    auprc: 0.8329821228981018
    auroc: 0.9071322679519653
    loss: 0.8455179929733276
  train:
    acc: 1.0
    auprc: 1.000001072883606
    auroc: 0.9999998807907104
    loss: 0.21898144483566284
  val:
    acc: 0.8444444537162781
    auprc: 0.8976343274116516
    auroc: 0.9409567713737488
    loss: 0.6718732118606567
