data:
  dataset_name: cora,citeseer,pubmed
experiment:
  n_splits: 100
  n_trials: 1
model:
  attn_dropout: 0.3
  basepoint: false
  diff: false
  dropout: 0.9
  gnn_type: GSAN
  jk_type: null
  l2_reg: 0.01
  learn_embedding: false
  n_depth: 1
  n_features: 64
  n_heads: 8
  n_levels: 2
  n_post: 0
  n_pre: 0
  n_steps: 5
  norm_type: layer
opt:
  es_patience: 50
  lr_init: 0.01
  mode: min
  monitor: val_loss
  n_epochs: 1000
results:
  test:
    acc: 0.7919455766677856
    auprc: 0.8725963830947876
    auroc: 0.9286918044090271
    loss: 0.7513100504875183
  train:
    acc: 0.9833333492279053
    auprc: 0.9988903999328613
    auroc: 0.999444305896759
    loss: 0.27248892188072205
  val:
    acc: 0.7666666507720947
    auprc: 0.8501377105712891
    auroc: 0.9239815473556519
    loss: 0.750085175037384
