data:
  dataset_name: cora,citeseer,pubmed
  khop: 1
experiment:
  n_splits: 100
  n_trials: 1
model:
  attn_dropout: 0.3
  basepoint: false
  diff: false
  dropout: 0.9
  gnn_type: GSAN
  jk_type: null
  l2_reg: 0.01
  learn_embedding: false
  n_depth: 1
  n_features: 64
  n_heads: 8
  n_levels: 2
  n_post: 0
  n_pre: 0
  n_steps: 5
  norm_type: layer
opt:
  es_patience: 50
  lr_init: 0.01
  mode: min
  monitor: val_loss
  n_epochs: 1000
results:
  test:
    acc: 0.7818775177001953
    auprc: 0.858849823474884
    auroc: 0.9217970371246338
    loss: 0.7859939932823181
  train:
    acc: 0.9833333492279053
    auprc: 0.9995840787887573
    auroc: 0.99979168176651
    loss: 0.25856223702430725
  val:
    acc: 0.8444445133209229
    auprc: 0.8676525950431824
    auroc: 0.931635856628418
    loss: 0.7116860747337341
