data:
  dataset_name: cora,citeseer,pubmed
experiment:
  n_splits: 100
  n_trials: 1
model:
  attn_dropout: 0.3
  basepoint: false
  diff: false
  dropout: 0.9
  gnn_type: GSAN
  jk_type: null
  l2_reg: 0.01
  learn_embedding: false
  n_depth: 1
  n_features: 64
  n_heads: 8
  n_levels: 2
  n_post: 0
  n_pre: 0
  n_steps: 5
  norm_type: layer
opt:
  es_patience: 50
  lr_init: 0.01
  mode: min
  monitor: val_loss
  n_epochs: 1000
results:
  test:
    acc: 0.7688966989517212
    auprc: 0.8043352961540222
    auroc: 0.8995121121406555
    loss: 0.8401273488998413
  train:
    acc: 1.0
    auprc: 1.0
    auroc: 1.0
    loss: 0.1837645024061203
  val:
    acc: 0.8555556535720825
    auprc: 0.9083914756774902
    auroc: 0.9499384760856628
    loss: 0.5592570304870605
