data:
  dataset_name: cora,citeseer,pubmed
  khop: 1
experiment:
  n_splits: 100
  n_trials: 1
model:
  attn_dropout: 0.3
  basepoint: false
  diff: false
  dropout: 0.9
  gnn_type: GSAN
  jk_type: null
  l2_reg: 0.01
  learn_embedding: false
  n_depth: 1
  n_features: 64
  n_heads: 8
  n_levels: 2
  n_post: 0
  n_pre: 0
  n_steps: 5
  norm_type: layer
opt:
  es_patience: 50
  lr_init: 0.01
  mode: min
  monitor: val_loss
  n_epochs: 1000
results:
  test:
    acc: 0.7762359380722046
    auprc: 0.8537054657936096
    auroc: 0.919883131980896
    loss: 0.7624348402023315
  train:
    acc: 0.98333340883255
    auprc: 0.9997243881225586
    auroc: 0.999860942363739
    loss: 0.25825005769729614
  val:
    acc: 0.7777778506278992
    auprc: 0.900286078453064
    auroc: 0.9411113858222961
    loss: 0.6752121448516846
