data:
  dataset_name: cora,citeseer,pubmed
  khop: 1
experiment:
  n_splits: 100
  n_trials: 1
model:
  attn_dropout: 0.3
  basepoint: false
  diff: false
  dropout: 0.9
  gnn_type: GSAN
  jk_type: null
  l2_reg: 0.01
  learn_embedding: false
  n_depth: 1
  n_features: 64
  n_heads: 8
  n_levels: 2
  n_post: 0
  n_pre: 0
  n_steps: 5
  norm_type: layer
opt:
  es_patience: 50
  lr_init: 0.01
  mode: min
  monitor: val_loss
  n_epochs: 1000
results:
  test:
    acc: 0.7937463521957397
    auprc: 0.8592237234115601
    auroc: 0.9227368831634521
    loss: 0.8090084791183472
  train:
    acc: 1.0
    auprc: 1.0
    auroc: 1.0
    loss: 0.24337850511074066
  val:
    acc: 0.7777776718139648
    auprc: 0.8442079424858093
    auroc: 0.9145065546035767
    loss: 0.8980717658996582
