data:
  dataset_name: cora,citeseer,pubmed
  khop: 2
experiment:
  n_splits: 100
  n_trials: 1
model:
  basepoint: false
  diff: false
  dropout: 0.9
  gnn_type: GSN
  jk_type: null
  l2_reg: 0.01
  learn_embedding: false
  n_depth: 1
  n_features: 64
  n_levels: 2
  n_post: 0
  n_pre: 0
  n_steps: 5
  norm_type: layer
opt:
  es_patience: 50
  lr_init: 0.01
  mode: min
  monitor: val_loss
  n_epochs: 1000
results:
  test:
    acc: 0.8024031519889832
    auprc: 0.8656654953956604
    auroc: 0.9281595349311829
    loss: 0.7954667210578918
  train:
    acc: 1.0
    auprc: 1.0000007152557373
    auroc: 0.9999998807907104
    loss: 0.22252705693244934
  val:
    acc: 0.7888889908790588
    auprc: 0.8280305862426758
    auroc: 0.9033029079437256
    loss: 0.9593721628189087
