data:
  dataset_name: cora,citeseer,pubmed
  khop: 2
experiment:
  n_splits: 100
  n_trials: 1
model:
  basepoint: false
  diff: false
  dropout: 0.9
  gnn_type: GSN
  jk_type: null
  l2_reg: 0.01
  learn_embedding: false
  n_depth: 1
  n_features: 64
  n_levels: 2
  n_post: 0
  n_pre: 0
  n_steps: 5
  norm_type: layer
opt:
  es_patience: 50
  lr_init: 0.01
  mode: min
  monitor: val_loss
  n_epochs: 1000
results:
  test:
    acc: 0.7767857909202576
    auprc: 0.8611593246459961
    auroc: 0.9202858805656433
    loss: 0.828766405582428
  train:
    acc: 1.0
    auprc: 1.0000001192092896
    auroc: 0.9999998807907104
    loss: 0.18155241012573242
  val:
    acc: 0.7777778506278992
    auprc: 0.7889366745948792
    auroc: 0.8789198994636536
    loss: 1.0469093322753906
