data:
  dataset_name: cora,citeseer,pubmed
  khop: 2
experiment:
  n_splits: 100
  n_trials: 1
model:
  attn_dropout: 0.3
  basepoint: false
  diff: false
  dropout: 0.9
  gnn_type: GSAN
  jk_type: null
  l2_reg: 0.01
  learn_embedding: false
  n_depth: 1
  n_features: 64
  n_heads: 8
  n_levels: 2
  n_post: 0
  n_pre: 0
  n_steps: 5
  norm_type: layer
opt:
  es_patience: 50
  lr_init: 0.01
  mode: min
  monitor: val_loss
  n_epochs: 1000
results:
  test:
    acc: 0.7675145268440247
    auprc: 0.8263874650001526
    auroc: 0.9041242599487305
    loss: 0.9305515885353088
  train:
    acc: 1.0
    auprc: 0.9999998807907104
    auroc: 0.9999997019767761
    loss: 0.14890307188034058
  val:
    acc: 0.8000000715255737
    auprc: 0.8979740142822266
    auroc: 0.9404634237289429
    loss: 0.7036612033843994
