data:
  dataset_name: cora,citeseer,pubmed
  khop: 2
experiment:
  n_splits: 100
  n_trials: 1
model:
  basepoint: false
  diff: false
  dropout: 0.9
  gnn_type: GSN
  jk_type: null
  l2_reg: 0.01
  learn_embedding: false
  n_depth: 1
  n_features: 64
  n_levels: 2
  n_post: 0
  n_pre: 0
  n_steps: 5
  norm_type: layer
opt:
  es_patience: 50
  lr_init: 0.01
  mode: min
  monitor: val_loss
  n_epochs: 1000
results:
  test:
    acc: 0.7665335536003113
    auprc: 0.840557336807251
    auroc: 0.9076184630393982
    loss: 0.8830941915512085
  train:
    acc: 1.0
    auprc: 1.0
    auroc: 0.9999999403953552
    loss: 0.25165659189224243
  val:
    acc: 0.7777777910232544
    auprc: 0.772450864315033
    auroc: 0.871111273765564
    loss: 1.0470830202102661
