data:
  dataset_name: cora,citeseer,pubmed
experiment:
  n_splits: 100
  n_trials: 1
model:
  attn_dropout: 0.3
  basepoint: false
  diff: false
  dropout: 0.9
  gnn_type: GSAN
  jk_type: null
  l2_reg: 0.01
  learn_embedding: false
  n_depth: 1
  n_features: 64
  n_heads: 8
  n_levels: 2
  n_post: 0
  n_pre: 0
  n_steps: 5
  norm_type: layer
opt:
  es_patience: 50
  lr_init: 0.01
  mode: min
  monitor: val_loss
  n_epochs: 1000
results:
  test:
    acc: 0.7823888063430786
    auprc: 0.8593816161155701
    auroc: 0.9235698580741882
    loss: 0.7761158347129822
  train:
    acc: 1.0
    auprc: 0.9999998807907104
    auroc: 0.9999998807907104
    loss: 0.28626003861427307
  val:
    acc: 0.7111111283302307
    auprc: 0.804851770401001
    auroc: 0.8985803723335266
    loss: 0.8508867025375366
