data:
  dataset_name: cora,citeseer,pubmed
experiment:
  n_splits: 100
  n_trials: 1
model:
  attn_dropout: 0.3
  basepoint: false
  diff: false
  dropout: 0.9
  gnn_type: GSAN
  jk_type: null
  l2_reg: 0.01
  learn_embedding: false
  n_depth: 1
  n_features: 64
  n_heads: 8
  n_levels: 2
  n_post: 0
  n_pre: 0
  n_steps: 5
  norm_type: layer
opt:
  es_patience: 50
  lr_init: 0.01
  mode: min
  monitor: val_loss
  n_epochs: 1000
results:
  test:
    acc: 0.7859662175178528
    auprc: 0.8403546810150146
    auroc: 0.9129050970077515
    loss: 0.9158581495285034
  train:
    acc: 1.0
    auprc: 0.9999999403953552
    auroc: 0.9999995231628418
    loss: 0.13169045746326447
  val:
    acc: 0.8777778148651123
    auprc: 0.9281483888626099
    auroc: 0.9600931406021118
    loss: 0.5300139784812927
