data:
  dataset_name: cora,citeseer,pubmed
  khop: 2
experiment:
  n_splits: 100
  n_trials: 1
model:
  basepoint: false
  diff: false
  dropout: 0.9
  gnn_type: GSN
  jk_type: null
  l2_reg: 0.01
  learn_embedding: false
  n_depth: 1
  n_features: 64
  n_levels: 2
  n_post: 0
  n_pre: 0
  n_steps: 5
  norm_type: layer
opt:
  es_patience: 50
  lr_init: 0.01
  mode: min
  monitor: val_loss
  n_epochs: 1000
results:
  test:
    acc: 0.7840396761894226
    auprc: 0.8452594876289368
    auroc: 0.912806510925293
    loss: 0.877595841884613
  train:
    acc: 1.0
    auprc: 1.0
    auroc: 0.9999997615814209
    loss: 0.12092313170433044
  val:
    acc: 0.8333333730697632
    auprc: 0.9066884517669678
    auroc: 0.9487969279289246
    loss: 0.5840532183647156
