data:
  dataset_name: cora,citeseer,pubmed
  khop: 2
experiment:
  n_splits: 100
  n_trials: 1
model:
  basepoint: false
  diff: false
  dropout: 0.9
  gnn_type: GSN
  jk_type: null
  l2_reg: 0.01
  learn_embedding: false
  n_depth: 1
  n_features: 64
  n_levels: 2
  n_post: 0
  n_pre: 0
  n_steps: 5
  norm_type: layer
opt:
  es_patience: 50
  lr_init: 0.01
  mode: min
  monitor: val_loss
  n_epochs: 1000
results:
  test:
    acc: 0.7760722637176514
    auprc: 0.8455749750137329
    auroc: 0.916328489780426
    loss: 0.8656597137451172
  train:
    acc: 0.9833333492279053
    auprc: 0.9997249841690063
    auroc: 0.9998612999916077
    loss: 0.326321005821228
  val:
    acc: 0.7888889312744141
    auprc: 0.8135664463043213
    auroc: 0.9091974496841431
    loss: 0.8968319892883301
