data:
  dataset_name: cora,citeseer,pubmed
experiment:
  n_splits: 100
  n_trials: 1
model:
  attn_dropout: 0.3
  basepoint: false
  diff: false
  dropout: 0.9
  gnn_type: GSAN
  jk_type: null
  l2_reg: 0.01
  learn_embedding: false
  n_depth: 1
  n_features: 64
  n_heads: 8
  n_levels: 2
  n_post: 0
  n_pre: 0
  n_steps: 5
  norm_type: layer
opt:
  es_patience: 50
  lr_init: 0.01
  mode: min
  monitor: val_loss
  n_epochs: 1000
results:
  test:
    acc: 0.7690499424934387
    auprc: 0.8424471616744995
    auroc: 0.9144648909568787
    loss: 0.8240764737129211
  train:
    acc: 1.0
    auprc: 1.0
    auroc: 0.9999998211860657
    loss: 0.20576447248458862
  val:
    acc: 0.7444444298744202
    auprc: 0.8493550419807434
    auroc: 0.9181790947914124
    loss: 0.8291513919830322
