data:
  dataset_name: cora,citeseer,pubmed
  khop: 1
experiment:
  n_splits: 100
  n_trials: 1
model:
  basepoint: false
  diff: false
  dropout: 0.9
  gnn_type: GSN
  jk_type: null
  l2_reg: 0.01
  learn_embedding: false
  n_depth: 1
  n_features: 64
  n_levels: 2
  n_post: 0
  n_pre: 0
  n_steps: 5
  norm_type: layer
opt:
  es_patience: 50
  lr_init: 0.01
  mode: min
  monitor: val_loss
  n_epochs: 1000
results:
  test:
    acc: 0.8058104515075684
    auprc: 0.866005539894104
    auroc: 0.926750659942627
    loss: 0.8291532397270203
  train:
    acc: 1.0
    auprc: 0.9999998211860657
    auroc: 0.999999463558197
    loss: 0.12408193200826645
  val:
    acc: 0.8444445133209229
    auprc: 0.9063118100166321
    auroc: 0.9488891959190369
    loss: 0.5743803977966309
