data:
  dataset_name: cora,citeseer,pubmed
experiment:
  n_splits: 100
  n_trials: 1
model:
  attn_dropout: 0.3
  basepoint: false
  diff: false
  dropout: 0.9
  gnn_type: GSAN
  jk_type: null
  l2_reg: 0.01
  learn_embedding: false
  n_depth: 1
  n_features: 64
  n_heads: 8
  n_levels: 2
  n_post: 0
  n_pre: 0
  n_steps: 5
  norm_type: layer
opt:
  es_patience: 50
  lr_init: 0.01
  mode: min
  monitor: val_loss
  n_epochs: 1000
results:
  test:
    acc: 0.7541779279708862
    auprc: 0.8322877883911133
    auroc: 0.9069894552230835
    loss: 0.8247464895248413
  train:
    acc: 0.9833333492279053
    auprc: 0.9991781711578369
    auroc: 0.9995834231376648
    loss: 0.25872138142585754
  val:
    acc: 0.7444444298744202
    auprc: 0.8002333641052246
    auroc: 0.8991976976394653
    loss: 0.8393211960792542
