data:
  dataset_name: cora,citeseer,pubmed
  khop: 1
experiment:
  n_splits: 100
  n_trials: 1
model:
  basepoint: false
  diff: false
  dropout: 0.9
  gnn_type: GSN
  jk_type: null
  l2_reg: 0.01
  learn_embedding: false
  n_depth: 1
  n_features: 64
  n_levels: 2
  n_post: 0
  n_pre: 0
  n_steps: 5
  norm_type: layer
opt:
  es_patience: 50
  lr_init: 0.01
  mode: min
  monitor: val_loss
  n_epochs: 1000
results:
  test:
    acc: 0.802214503288269
    auprc: 0.845237672328949
    auroc: 0.9138216972351074
    loss: 0.9506446719169617
  train:
    acc: 1.0
    auprc: 0.9999996423721313
    auroc: 0.9999992847442627
    loss: 0.036697763949632645
  val:
    acc: 0.9000000357627869
    auprc: 0.9664558172225952
    auroc: 0.9832725524902344
    loss: 0.2840440571308136
