data:
  dataset_name: cora,citeseer,pubmed
experiment:
  n_splits: 100
  n_trials: 1
model:
  attn_dropout: 0.3
  basepoint: false
  diff: false
  dropout: 0.9
  gnn_type: GSAN
  jk_type: null
  l2_reg: 0.01
  learn_embedding: false
  n_depth: 1
  n_features: 64
  n_heads: 8
  n_levels: 2
  n_post: 0
  n_pre: 0
  n_steps: 5
  norm_type: layer
opt:
  es_patience: 50
  lr_init: 0.01
  mode: min
  monitor: val_loss
  n_epochs: 1000
results:
  test:
    acc: 0.7930188775062561
    auprc: 0.8584791421890259
    auroc: 0.9231767654418945
    loss: 0.7980843186378479
  train:
    acc: 1.0
    auprc: 1.000000238418579
    auroc: 0.9999997019767761
    loss: 0.2481166571378708
  val:
    acc: 0.7555555701255798
    auprc: 0.8700991868972778
    auroc: 0.9285495281219482
    loss: 0.7532044649124146
