data:
  dataset_name: cora,citeseer,pubmed
  khop: 2
experiment:
  n_splits: 100
  n_trials: 1
model:
  attn_dropout: 0.3
  basepoint: false
  diff: false
  dropout: 0.9
  gnn_type: GSAN
  jk_type: null
  l2_reg: 0.01
  learn_embedding: false
  n_depth: 1
  n_features: 64
  n_heads: 8
  n_levels: 2
  n_post: 0
  n_pre: 0
  n_steps: 5
  norm_type: layer
opt:
  es_patience: 50
  lr_init: 0.01
  mode: min
  monitor: val_loss
  n_epochs: 1000
results:
  test:
    acc: 0.7603417634963989
    auprc: 0.8334310054779053
    auroc: 0.9085972905158997
    loss: 0.8153553605079651
  train:
    acc: 1.0
    auprc: 1.0000007152557373
    auroc: 1.0000003576278687
    loss: 0.22631025314331055
  val:
    acc: 0.7666667103767395
    auprc: 0.8699018955230713
    auroc: 0.920092761516571
    loss: 0.7774726748466492
