data:
  dataset_name: cora,citeseer,pubmed
experiment:
  n_splits: 100
  n_trials: 1
model:
  attn_dropout: 0.3
  basepoint: false
  diff: false
  dropout: 0.9
  gnn_type: GSAN
  jk_type: null
  l2_reg: 0.01
  learn_embedding: false
  n_depth: 1
  n_features: 64
  n_heads: 8
  n_levels: 2
  n_post: 0
  n_pre: 0
  n_steps: 5
  norm_type: layer
opt:
  es_patience: 50
  lr_init: 0.01
  mode: min
  monitor: val_loss
  n_epochs: 1000
results:
  test:
    acc: 0.7929167151451111
    auprc: 0.8658969402313232
    auroc: 0.9252983927726746
    loss: 0.773859977722168
  train:
    acc: 1.0
    auprc: 1.0
    auroc: 0.9999997615814209
    loss: 0.2109832912683487
  val:
    acc: 0.7888889312744141
    auprc: 0.8271887898445129
    auroc: 0.9059571623802185
    loss: 0.8637521862983704
