data:
  dataset_name: cora,citeseer,pubmed
  khop: 1
experiment:
  n_splits: 100
  n_trials: 1
model:
  attn_dropout: 0.3
  basepoint: false
  diff: false
  dropout: 0.9
  gnn_type: GSAN
  jk_type: null
  l2_reg: 0.01
  learn_embedding: false
  n_depth: 1
  n_features: 64
  n_heads: 8
  n_levels: 2
  n_post: 0
  n_pre: 0
  n_steps: 5
  norm_type: layer
opt:
  es_patience: 50
  lr_init: 0.01
  mode: min
  monitor: val_loss
  n_epochs: 1000
results:
  test:
    acc: 0.7868973612785339
    auprc: 0.8527687191963196
    auroc: 0.9215058088302612
    loss: 0.7944865822792053
  train:
    acc: 0.9833333492279053
    auprc: 0.9980951547622681
    auroc: 0.9990276098251343
    loss: 0.3033111095428467
  val:
    acc: 0.7444444894790649
    auprc: 0.8352745771408081
    auroc: 0.9104940891265869
    loss: 0.8092737793922424
