data:
  dataset_name: cora,citeseer,pubmed
  khop: 2
experiment:
  n_splits: 100
  n_trials: 1
model:
  attn_dropout: 0.3
  basepoint: false
  diff: false
  dropout: 0.9
  gnn_type: GSAN
  jk_type: null
  l2_reg: 0.01
  learn_embedding: false
  n_depth: 1
  n_features: 64
  n_heads: 8
  n_levels: 2
  n_post: 0
  n_pre: 0
  n_steps: 5
  norm_type: layer
opt:
  es_patience: 50
  lr_init: 0.01
  mode: min
  monitor: val_loss
  n_epochs: 1000
results:
  test:
    acc: 0.7503417134284973
    auprc: 0.8205657601356506
    auroc: 0.9026505947113037
    loss: 0.9037622809410095
  train:
    acc: 1.0
    auprc: 1.0
    auroc: 1.0
    loss: 0.2044861614704132
  val:
    acc: 0.7666667103767395
    auprc: 0.8787870407104492
    auroc: 0.9328396916389465
    loss: 0.7560374140739441
