data:
  dataset_name: cora,citeseer,pubmed
  khop: 1
experiment:
  n_splits: 100
  n_trials: 1
model:
  attn_dropout: 0.3
  basepoint: false
  diff: false
  dropout: 0.9
  gnn_type: GSAN
  jk_type: null
  l2_reg: 0.01
  learn_embedding: false
  n_depth: 1
  n_features: 64
  n_heads: 8
  n_levels: 2
  n_post: 0
  n_pre: 0
  n_steps: 5
  norm_type: layer
opt:
  es_patience: 50
  lr_init: 0.01
  mode: min
  monitor: val_loss
  n_epochs: 1000
results:
  test:
    acc: 0.7530396580696106
    auprc: 0.8238697052001953
    auroc: 0.9012210369110107
    loss: 0.8937917947769165
  train:
    acc: 0.9833333492279053
    auprc: 0.9994581937789917
    auroc: 0.9997221827507019
    loss: 0.36056041717529297
  val:
    acc: 0.7000000476837158
    auprc: 0.765349268913269
    auroc: 0.8514816164970398
    loss: 1.0917397737503052
