data:
  dataset_name: cora,citeseer,pubmed
experiment:
  n_splits: 100
  n_trials: 1
model:
  attn_dropout: 0.3
  basepoint: false
  diff: false
  dropout: 0.9
  gnn_type: GSAN
  jk_type: null
  l2_reg: 0.01
  learn_embedding: false
  n_depth: 1
  n_features: 64
  n_heads: 8
  n_levels: 2
  n_post: 0
  n_pre: 0
  n_steps: 5
  norm_type: layer
opt:
  es_patience: 50
  lr_init: 0.01
  mode: min
  monitor: val_loss
  n_epochs: 1000
results:
  test:
    acc: 0.797669529914856
    auprc: 0.8724080324172974
    auroc: 0.9282670021057129
    loss: 0.7965610027313232
  train:
    acc: 1.0
    auprc: 1.0
    auroc: 0.9999997019767761
    loss: 0.17298132181167603
  val:
    acc: 0.8777778148651123
    auprc: 0.9304283261299133
    auroc: 0.9562348127365112
    loss: 0.6364452838897705
