data:
  dataset_name: cora,citeseer,pubmed
  khop: 1
experiment:
  n_splits: 100
  n_trials: 1
model:
  attn_dropout: 0.3
  basepoint: false
  diff: false
  dropout: 0.9
  gnn_type: GSAN
  jk_type: null
  l2_reg: 0.01
  learn_embedding: false
  n_depth: 1
  n_features: 64
  n_heads: 8
  n_levels: 2
  n_post: 0
  n_pre: 0
  n_steps: 5
  norm_type: layer
opt:
  es_patience: 50
  lr_init: 0.01
  mode: min
  monitor: val_loss
  n_epochs: 1000
results:
  test:
    acc: 0.769127607345581
    auprc: 0.8349751830101013
    auroc: 0.910322904586792
    loss: 0.8591310977935791
  train:
    acc: 0.98333340883255
    auprc: 0.9991781711578369
    auroc: 0.9995831847190857
    loss: 0.2767167389392853
  val:
    acc: 0.7444444894790649
    auprc: 0.8401648998260498
    auroc: 0.9127779006958008
    loss: 0.8581729531288147
