data:
  dataset_name: cora,citeseer,pubmed
  khop: 2
experiment:
  n_splits: 100
  n_trials: 1
model:
  basepoint: false
  diff: false
  dropout: 0.9
  gnn_type: GSN
  jk_type: null
  l2_reg: 0.01
  learn_embedding: false
  n_depth: 1
  n_features: 64
  n_levels: 2
  n_post: 0
  n_pre: 0
  n_steps: 5
  norm_type: layer
opt:
  es_patience: 50
  lr_init: 0.01
  mode: min
  monitor: val_loss
  n_epochs: 1000
results:
  test:
    acc: 0.7905591130256653
    auprc: 0.8585052490234375
    auroc: 0.9220130443572998
    loss: 0.8491213321685791
  train:
    acc: 1.0
    auprc: 1.0000009536743164
    auroc: 1.0000001192092896
    loss: 0.30722782015800476
  val:
    acc: 0.7111111283302307
    auprc: 0.7431687116622925
    auroc: 0.8566668629646301
    loss: 1.1426780223846436
