data:
  dataset_name: cora,citeseer,pubmed
experiment:
  n_splits: 100
  n_trials: 1
model:
  attn_dropout: 0.3
  basepoint: false
  diff: false
  dropout: 0.9
  gnn_type: GSAN
  jk_type: null
  l2_reg: 0.01
  learn_embedding: false
  n_depth: 1
  n_features: 64
  n_heads: 8
  n_levels: 2
  n_post: 0
  n_pre: 0
  n_steps: 5
  norm_type: layer
opt:
  es_patience: 50
  lr_init: 0.01
  mode: min
  monitor: val_loss
  n_epochs: 1000
results:
  test:
    acc: 0.7643992304801941
    auprc: 0.8217381834983826
    auroc: 0.9065563082695007
    loss: 0.8335716724395752
  train:
    acc: 1.0
    auprc: 1.0000003576278687
    auroc: 1.0000001192092896
    loss: 0.3175056576728821
  val:
    acc: 0.7777777910232544
    auprc: 0.8179808855056763
    auroc: 0.900925874710083
    loss: 0.8444539308547974
