data:
  dataset_name: cora,citeseer,pubmed
experiment:
  n_splits: 100
  n_trials: 1
model:
  attn_dropout: 0.3
  basepoint: false
  diff: false
  dropout: 0.9
  gnn_type: GSAN
  jk_type: null
  l2_reg: 0.01
  learn_embedding: false
  n_depth: 1
  n_features: 64
  n_heads: 8
  n_levels: 2
  n_post: 0
  n_pre: 0
  n_steps: 5
  norm_type: layer
opt:
  es_patience: 50
  lr_init: 0.01
  mode: min
  monitor: val_loss
  n_epochs: 1000
results:
  test:
    acc: 0.7899525165557861
    auprc: 0.8665892481803894
    auroc: 0.9258043766021729
    loss: 0.7891259789466858
  train:
    acc: 1.0
    auprc: 1.0000004768371582
    auroc: 1.0000003576278687
    loss: 0.2732027769088745
  val:
    acc: 0.7333333492279053
    auprc: 0.7280691266059875
    auroc: 0.8548455834388733
    loss: 1.0881354808807373
