data:
  dataset_name: cora,citeseer,pubmed
  khop: 2
experiment:
  n_splits: 100
  n_trials: 1
model:
  basepoint: false
  diff: false
  dropout: 0.9
  gnn_type: GSN
  jk_type: null
  l2_reg: 0.01
  learn_embedding: false
  n_depth: 1
  n_features: 64
  n_levels: 2
  n_post: 0
  n_pre: 0
  n_steps: 5
  norm_type: layer
opt:
  es_patience: 50
  lr_init: 0.01
  mode: min
  monitor: val_loss
  n_epochs: 1000
results:
  test:
    acc: 0.7449392676353455
    auprc: 0.8069167733192444
    auroc: 0.8971503973007202
    loss: 0.9684134125709534
  train:
    acc: 1.0
    auprc: 1.000001311302185
    auroc: 1.0000001192092896
    loss: 0.3422352075576782
  val:
    acc: 0.6777778267860413
    auprc: 0.6863133907318115
    auroc: 0.8283025026321411
    loss: 1.239142656326294
