data:
  dataset_name: cora,citeseer,pubmed
  khop: 1
experiment:
  n_splits: 100
  n_trials: 1
model:
  basepoint: false
  diff: false
  dropout: 0.9
  gnn_type: GSN
  jk_type: null
  l2_reg: 0.01
  learn_embedding: false
  n_depth: 1
  n_features: 64
  n_levels: 2
  n_post: 0
  n_pre: 0
  n_steps: 5
  norm_type: layer
opt:
  es_patience: 50
  lr_init: 0.01
  mode: min
  monitor: val_loss
  n_epochs: 1000
results:
  test:
    acc: 0.7797495722770691
    auprc: 0.8397020101547241
    auroc: 0.9140327572822571
    loss: 0.829481840133667
  train:
    acc: 1.0
    auprc: 0.9999999403953552
    auroc: 0.9999994039535522
    loss: 0.11609164625406265
  val:
    acc: 0.8111110329627991
    auprc: 0.8974572420120239
    auroc: 0.9487966299057007
    loss: 0.5401628017425537
