data:
  dataset_name: cora,citeseer,pubmed
  khop: 1
experiment:
  n_splits: 100
  n_trials: 1
model:
  attn_dropout: 0.3
  basepoint: false
  diff: false
  dropout: 0.9
  gnn_type: GSAN
  jk_type: null
  l2_reg: 0.01
  learn_embedding: false
  n_depth: 1
  n_features: 64
  n_heads: 8
  n_levels: 2
  n_post: 0
  n_pre: 0
  n_steps: 5
  norm_type: layer
opt:
  es_patience: 50
  lr_init: 0.01
  mode: min
  monitor: val_loss
  n_epochs: 1000
results:
  test:
    acc: 0.7211090326309204
    auprc: 0.7978488802909851
    auroc: 0.8884729743003845
    loss: 0.9511799216270447
  train:
    acc: 0.9833333492279053
    auprc: 0.9997246265411377
    auroc: 0.9998610615730286
    loss: 0.21550750732421875
  val:
    acc: 0.7000000476837158
    auprc: 0.7961652278900146
    auroc: 0.8894447684288025
    loss: 0.9574123024940491
