data:
  dataset_name: cora,citeseer,pubmed
  khop: 1
experiment:
  n_splits: 100
  n_trials: 1
model:
  basepoint: false
  diff: false
  dropout: 0.9
  gnn_type: GSN
  jk_type: null
  l2_reg: 0.01
  learn_embedding: false
  n_depth: 1
  n_features: 64
  n_levels: 2
  n_post: 0
  n_pre: 0
  n_steps: 5
  norm_type: layer
opt:
  es_patience: 50
  lr_init: 0.01
  mode: min
  monitor: val_loss
  n_epochs: 1000
results:
  test:
    acc: 0.8109708428382874
    auprc: 0.8869631290435791
    auroc: 0.9377055168151855
    loss: 0.7112138271331787
  train:
    acc: 1.0
    auprc: 0.9999998807907104
    auroc: 0.9999998807907104
    loss: 0.24847739934921265
  val:
    acc: 0.8444445133209229
    auprc: 0.8990487456321716
    auroc: 0.9458644390106201
    loss: 0.6658805012702942
