data:
  dataset_name: cora,citeseer,pubmed
  khop: 2
experiment:
  n_splits: 100
  n_trials: 1
model:
  attn_dropout: 0.3
  basepoint: false
  diff: false
  dropout: 0.9
  gnn_type: GSAN
  jk_type: null
  l2_reg: 0.01
  learn_embedding: false
  n_depth: 1
  n_features: 64
  n_heads: 8
  n_levels: 2
  n_post: 0
  n_pre: 0
  n_steps: 5
  norm_type: layer
opt:
  es_patience: 50
  lr_init: 0.01
  mode: min
  monitor: val_loss
  n_epochs: 1000
results:
  test:
    acc: 0.7885816097259521
    auprc: 0.8539836406707764
    auroc: 0.9199177622795105
    loss: 0.7781336307525635
  train:
    acc: 0.9833332896232605
    auprc: 0.9997244477272034
    auroc: 0.9998608231544495
    loss: 0.2913878560066223
  val:
    acc: 0.7777777910232544
    auprc: 0.8954397439956665
    auroc: 0.942253053188324
    loss: 0.645219624042511
