data:
  dataset_name: cora,citeseer,pubmed
  khop: 2
experiment:
  n_splits: 100
  n_trials: 1
model:
  attn_dropout: 0.3
  basepoint: false
  diff: false
  dropout: 0.9
  gnn_type: GSAN
  jk_type: null
  l2_reg: 0.01
  learn_embedding: false
  n_depth: 1
  n_features: 64
  n_heads: 8
  n_levels: 2
  n_post: 0
  n_pre: 0
  n_steps: 5
  norm_type: layer
opt:
  es_patience: 50
  lr_init: 0.01
  mode: min
  monitor: val_loss
  n_epochs: 1000
results:
  test:
    acc: 0.783903956413269
    auprc: 0.8547942638397217
    auroc: 0.9195969104766846
    loss: 0.8192422389984131
  train:
    acc: 1.0
    auprc: 1.000000238418579
    auroc: 1.0000001192092896
    loss: 0.15700477361679077
  val:
    acc: 0.8111110925674438
    auprc: 0.9100021719932556
    auroc: 0.9504633545875549
    loss: 0.6037850379943848
