data:
  dataset_name: cora,citeseer,pubmed
  khop: 2
experiment:
  n_splits: 100
  n_trials: 1
model:
  attn_dropout: 0.3
  basepoint: false
  diff: false
  dropout: 0.9
  gnn_type: GSAN
  jk_type: null
  l2_reg: 0.01
  learn_embedding: false
  n_depth: 1
  n_features: 64
  n_heads: 8
  n_levels: 2
  n_post: 0
  n_pre: 0
  n_steps: 5
  norm_type: layer
opt:
  es_patience: 50
  lr_init: 0.01
  mode: min
  monitor: val_loss
  n_epochs: 1000
results:
  test:
    acc: 0.774179220199585
    auprc: 0.837023913860321
    auroc: 0.9109246134757996
    loss: 0.849190354347229
  train:
    acc: 0.966666579246521
    auprc: 0.9989072680473328
    auroc: 0.9994446635246277
    loss: 0.35864707827568054
  val:
    acc: 0.7444444298744202
    auprc: 0.8032999634742737
    auroc: 0.8956174254417419
    loss: 0.8999360203742981
