data:
  dataset_name: cora,citeseer,pubmed
  khop: 2
experiment:
  n_splits: 100
  n_trials: 1
model:
  attn_dropout: 0.3
  basepoint: false
  diff: false
  dropout: 0.9
  gnn_type: GSAN
  jk_type: null
  l2_reg: 0.01
  learn_embedding: false
  n_depth: 1
  n_features: 64
  n_heads: 8
  n_levels: 2
  n_post: 0
  n_pre: 0
  n_steps: 5
  norm_type: layer
opt:
  es_patience: 50
  lr_init: 0.01
  mode: min
  monitor: val_loss
  n_epochs: 1000
results:
  test:
    acc: 0.7720391750335693
    auprc: 0.8416070938110352
    auroc: 0.9152004718780518
    loss: 0.8455349206924438
  train:
    acc: 1.0
    auprc: 1.0
    auroc: 0.9999999403953552
    loss: 0.32183656096458435
  val:
    acc: 0.7777777314186096
    auprc: 0.821121335029602
    auroc: 0.8963891267776489
    loss: 0.9382826685905457
