data:
  dataset_name: cora,citeseer,pubmed
  khop: 2
experiment:
  n_splits: 100
  n_trials: 1
model:
  basepoint: false
  diff: false
  dropout: 0.9
  gnn_type: GSN
  jk_type: null
  l2_reg: 0.01
  learn_embedding: false
  n_depth: 1
  n_features: 64
  n_levels: 2
  n_post: 0
  n_pre: 0
  n_steps: 5
  norm_type: layer
opt:
  es_patience: 50
  lr_init: 0.01
  mode: min
  monitor: val_loss
  n_epochs: 1000
results:
  test:
    acc: 0.7439678907394409
    auprc: 0.8216078281402588
    auroc: 0.8990262150764465
    loss: 0.9122757911682129
  train:
    acc: 1.0
    auprc: 1.0000003576278687
    auroc: 0.9999998211860657
    loss: 0.1686515212059021
  val:
    acc: 0.7666667699813843
    auprc: 0.8532717227935791
    auroc: 0.9179321527481079
    loss: 0.7564828395843506
