data:
  dataset_name: cora,citeseer,pubmed
experiment:
  n_splits: 100
  n_trials: 1
model:
  attn_dropout: 0.3
  basepoint: false
  diff: false
  dropout: 0.9
  gnn_type: GSAN
  jk_type: null
  l2_reg: 0.01
  learn_embedding: false
  n_depth: 1
  n_features: 64
  n_heads: 8
  n_levels: 2
  n_post: 0
  n_pre: 0
  n_steps: 5
  norm_type: layer
opt:
  es_patience: 50
  lr_init: 0.01
  mode: min
  monitor: val_loss
  n_epochs: 1000
results:
  test:
    acc: 0.7501916289329529
    auprc: 0.8286646604537964
    auroc: 0.9060739278793335
    loss: 0.8759788870811462
  train:
    acc: 1.0
    auprc: 1.0000001192092896
    auroc: 1.0000001192092896
    loss: 0.20234966278076172
  val:
    acc: 0.7777776718139648
    auprc: 0.8405629396438599
    auroc: 0.9176546931266785
    loss: 0.8329572677612305
