data:
  dataset_name: cora,citeseer,pubmed
experiment:
  n_splits: 100
  n_trials: 1
model:
  attn_dropout: 0.3
  basepoint: false
  diff: false
  dropout: 0.9
  gnn_type: GSAN
  jk_type: null
  l2_reg: 0.01
  learn_embedding: false
  n_depth: 1
  n_features: 64
  n_heads: 8
  n_levels: 2
  n_post: 0
  n_pre: 0
  n_steps: 5
  norm_type: layer
opt:
  es_patience: 50
  lr_init: 0.01
  mode: min
  monitor: val_loss
  n_epochs: 1000
results:
  test:
    acc: 0.7878060340881348
    auprc: 0.8569604158401489
    auroc: 0.9212936162948608
    loss: 0.7651453018188477
  train:
    acc: 1.0
    auprc: 1.000000238418579
    auroc: 1.0
    loss: 0.17619876563549042
  val:
    acc: 0.8444445133209229
    auprc: 0.9209965467453003
    auroc: 0.9548456072807312
    loss: 0.588688313961029
