data:
  dataset_name: cora,citeseer,pubmed
  khop: 1
experiment:
  n_splits: 100
  n_trials: 1
model:
  basepoint: false
  diff: false
  dropout: 0.9
  gnn_type: GSN
  jk_type: null
  l2_reg: 0.01
  learn_embedding: false
  n_depth: 1
  n_features: 64
  n_levels: 2
  n_post: 0
  n_pre: 0
  n_steps: 5
  norm_type: layer
opt:
  es_patience: 50
  lr_init: 0.01
  mode: min
  monitor: val_loss
  n_epochs: 1000
results:
  test:
    acc: 0.740595817565918
    auprc: 0.8157585859298706
    auroc: 0.8958532214164734
    loss: 0.9731614589691162
  train:
    acc: 1.0
    auprc: 1.0
    auroc: 0.9999998211860657
    loss: 0.1905272752046585
  val:
    acc: 0.7444444894790649
    auprc: 0.8387629985809326
    auroc: 0.9102474451065063
    loss: 0.9559214115142822
