data:
  dataset_name: cora,citeseer,pubmed
  khop: 2
experiment:
  n_splits: 100
  n_trials: 1
model:
  basepoint: false
  diff: false
  dropout: 0.9
  gnn_type: GSN
  jk_type: null
  l2_reg: 0.01
  learn_embedding: false
  n_depth: 1
  n_features: 64
  n_levels: 2
  n_post: 0
  n_pre: 0
  n_steps: 5
  norm_type: layer
opt:
  es_patience: 50
  lr_init: 0.01
  mode: min
  monitor: val_loss
  n_epochs: 1000
results:
  test:
    acc: 0.7601427435874939
    auprc: 0.828354001045227
    auroc: 0.9052610993385315
    loss: 0.8804351091384888
  train:
    acc: 1.0
    auprc: 1.000001311302185
    auroc: 0.9999998211860657
    loss: 0.1632746160030365
  val:
    acc: 0.7777777910232544
    auprc: 0.8246523141860962
    auroc: 0.9064510464668274
    loss: 0.8910661935806274
