data:
  dataset_name: cora,citeseer,pubmed
experiment:
  n_splits: 100
  n_trials: 1
model:
  attn_dropout: 0.3
  basepoint: false
  diff: false
  dropout: 0.9
  gnn_type: GSAN
  jk_type: null
  l2_reg: 0.01
  learn_embedding: false
  n_depth: 1
  n_features: 64
  n_heads: 8
  n_levels: 2
  n_post: 0
  n_pre: 0
  n_steps: 5
  norm_type: layer
opt:
  es_patience: 50
  lr_init: 0.01
  mode: min
  monitor: val_loss
  n_epochs: 1000
results:
  test:
    acc: 0.7931211590766907
    auprc: 0.848965048789978
    auroc: 0.9222448468208313
    loss: 0.7889419794082642
  train:
    acc: 1.0
    auprc: 1.000000238418579
    auroc: 1.0000001192092896
    loss: 0.27089810371398926
  val:
    acc: 0.8000000715255737
    auprc: 0.8563719987869263
    auroc: 0.9317594766616821
    loss: 0.7478313446044922
