data:
  dataset_name: cora,citeseer,pubmed
experiment:
  n_splits: 100
  n_trials: 1
model:
  attn_dropout: 0.3
  basepoint: false
  diff: false
  dropout: 0.9
  gnn_type: GSAN
  jk_type: null
  l2_reg: 0.01
  learn_embedding: false
  n_depth: 1
  n_features: 64
  n_heads: 8
  n_levels: 2
  n_post: 0
  n_pre: 0
  n_steps: 5
  norm_type: layer
opt:
  es_patience: 50
  lr_init: 0.01
  mode: min
  monitor: val_loss
  n_epochs: 1000
results:
  test:
    acc: 0.7676701545715332
    auprc: 0.8458755016326904
    auroc: 0.9167134761810303
    loss: 0.9257357716560364
  train:
    acc: 0.98333340883255
    auprc: 0.9997246265411377
    auroc: 0.9998610615730286
    loss: 0.40079084038734436
  val:
    acc: 0.6888889074325562
    auprc: 0.7488750219345093
    auroc: 0.8537346720695496
    loss: 1.1918352842330933
