data:
  dataset_name: cora,citeseer,pubmed
experiment:
  n_splits: 100
  n_trials: 1
model:
  attn_dropout: 0.3
  basepoint: false
  diff: false
  dropout: 0.9
  gnn_type: GSAN
  jk_type: null
  l2_reg: 0.01
  learn_embedding: false
  n_depth: 1
  n_features: 64
  n_heads: 8
  n_levels: 2
  n_post: 0
  n_pre: 0
  n_steps: 5
  norm_type: layer
opt:
  es_patience: 50
  lr_init: 0.01
  mode: min
  monitor: val_loss
  n_epochs: 1000
results:
  test:
    acc: 0.7677723169326782
    auprc: 0.8386387825012207
    auroc: 0.9118614196777344
    loss: 0.7924659252166748
  train:
    acc: 1.0
    auprc: 0.9999998211860657
    auroc: 0.9999997615814209
    loss: 0.24097728729248047
  val:
    acc: 0.7666667103767395
    auprc: 0.8842644691467285
    auroc: 0.9348150491714478
    loss: 0.7032495141029358
