data:
  dataset_name: cora,citeseer,pubmed
  khop: 2
experiment:
  n_splits: 100
  n_trials: 1
model:
  basepoint: false
  diff: false
  dropout: 0.9
  gnn_type: GSN
  jk_type: null
  l2_reg: 0.01
  learn_embedding: false
  n_depth: 1
  n_features: 64
  n_levels: 2
  n_post: 0
  n_pre: 0
  n_steps: 5
  norm_type: layer
opt:
  es_patience: 50
  lr_init: 0.01
  mode: min
  monitor: val_loss
  n_epochs: 1000
results:
  test:
    acc: 0.7387791872024536
    auprc: 0.8124086856842041
    auroc: 0.8948699831962585
    loss: 1.0091453790664673
  train:
    acc: 1.0
    auprc: 1.0000007152557373
    auroc: 1.000000238418579
    loss: 0.33744359016418457
  val:
    acc: 0.7666667103767395
    auprc: 0.8239364624023438
    auroc: 0.8961418271064758
    loss: 1.004866361618042
