data:
  dataset_name: cora,citeseer,pubmed
  khop: 2
experiment:
  n_splits: 100
  n_trials: 1
model:
  basepoint: false
  diff: false
  dropout: 0.9
  gnn_type: GSN
  jk_type: null
  l2_reg: 0.01
  learn_embedding: false
  n_depth: 1
  n_features: 64
  n_levels: 2
  n_post: 0
  n_pre: 0
  n_steps: 5
  norm_type: layer
opt:
  es_patience: 50
  lr_init: 0.01
  mode: min
  monitor: val_loss
  n_epochs: 1000
results:
  test:
    acc: 0.7617977857589722
    auprc: 0.8360641002655029
    auroc: 0.9077644944190979
    loss: 0.8432062864303589
  train:
    acc: 0.98333340883255
    auprc: 0.9997245669364929
    auroc: 0.9998610019683838
    loss: 0.23293432593345642
  val:
    acc: 0.8111111521720886
    auprc: 0.8522329330444336
    auroc: 0.91385817527771
    loss: 0.8364248871803284
