data:
  dataset_name: cora,citeseer,pubmed
experiment:
  n_splits: 100
  n_trials: 1
model:
  attn_dropout: 0.3
  basepoint: false
  diff: false
  dropout: 0.9
  gnn_type: GSAN
  jk_type: null
  l2_reg: 0.01
  learn_embedding: false
  n_depth: 1
  n_features: 64
  n_heads: 8
  n_levels: 2
  n_post: 0
  n_pre: 0
  n_steps: 5
  norm_type: layer
opt:
  es_patience: 50
  lr_init: 0.01
  mode: min
  monitor: val_loss
  n_epochs: 1000
results:
  test:
    acc: 0.7620483040809631
    auprc: 0.8250480890274048
    auroc: 0.9022889733314514
    loss: 0.9283166527748108
  train:
    acc: 1.0
    auprc: 1.0
    auroc: 1.0
    loss: 0.2567039132118225
  val:
    acc: 0.7111111879348755
    auprc: 0.8102264404296875
    auroc: 0.8892900943756104
    loss: 0.961311936378479
