data:
  dataset_name: cora,citeseer,pubmed
experiment:
  n_splits: 100
  n_trials: 1
model:
  attn_dropout: 0.3
  basepoint: false
  diff: false
  dropout: 0.9
  gnn_type: GSAN
  jk_type: null
  l2_reg: 0.01
  learn_embedding: false
  n_depth: 1
  n_features: 64
  n_heads: 8
  n_levels: 2
  n_post: 0
  n_pre: 0
  n_steps: 5
  norm_type: layer
opt:
  es_patience: 50
  lr_init: 0.01
  mode: min
  monitor: val_loss
  n_epochs: 1000
results:
  test:
    acc: 0.7755405902862549
    auprc: 0.8212131261825562
    auroc: 0.9054941534996033
    loss: 0.877559244632721
  train:
    acc: 1.0
    auprc: 1.0000005960464478
    auroc: 1.000000238418579
    loss: 0.23471328616142273
  val:
    acc: 0.7333333492279053
    auprc: 0.7451159954071045
    auroc: 0.8650925755500793
    loss: 1.1356242895126343
