data:
  dataset_name: cora,citeseer,pubmed
  khop: 1
experiment:
  n_splits: 100
  n_trials: 1
model:
  basepoint: false
  diff: false
  dropout: 0.9
  gnn_type: GSN
  jk_type: null
  l2_reg: 0.01
  learn_embedding: false
  n_depth: 1
  n_features: 64
  n_levels: 2
  n_post: 0
  n_pre: 0
  n_steps: 5
  norm_type: layer
opt:
  es_patience: 50
  lr_init: 0.01
  mode: min
  monitor: val_loss
  n_epochs: 1000
results:
  test:
    acc: 0.7551257610321045
    auprc: 0.8273659944534302
    auroc: 0.9061943292617798
    loss: 0.8274363875389099
  train:
    acc: 1.0
    auprc: 1.0000001192092896
    auroc: 0.9999998211860657
    loss: 0.2071981579065323
  val:
    acc: 0.7888889312744141
    auprc: 0.895215630531311
    auroc: 0.9381480813026428
    loss: 0.6997457146644592
