data:
  dataset_name: cora,citeseer,pubmed
  khop: 1
experiment:
  n_splits: 100
  n_trials: 1
model:
  basepoint: false
  diff: false
  dropout: 0.9
  gnn_type: GSN
  jk_type: null
  l2_reg: 0.01
  learn_embedding: false
  n_depth: 1
  n_features: 64
  n_levels: 2
  n_post: 0
  n_pre: 0
  n_steps: 5
  norm_type: layer
opt:
  es_patience: 50
  lr_init: 0.01
  mode: min
  monitor: val_loss
  n_epochs: 1000
results:
  test:
    acc: 0.8040855526924133
    auprc: 0.8615108728408813
    auroc: 0.9245073199272156
    loss: 0.7800306081771851
  train:
    acc: 1.0
    auprc: 0.9999999403953552
    auroc: 0.9999996423721313
    loss: 0.10770566016435623
  val:
    acc: 0.7333332896232605
    auprc: 0.8630188703536987
    auroc: 0.9243524670600891
    loss: 0.7589757442474365
