data:
  dataset_name: cora,citeseer,pubmed
experiment:
  n_splits: 100
  n_trials: 1
model:
  attn_dropout: 0.3
  basepoint: false
  diff: false
  dropout: 0.9
  gnn_type: GSAN
  jk_type: null
  l2_reg: 0.01
  learn_embedding: false
  n_depth: 1
  n_features: 64
  n_heads: 8
  n_levels: 2
  n_post: 0
  n_pre: 0
  n_steps: 5
  norm_type: layer
opt:
  es_patience: 50
  lr_init: 0.01
  mode: min
  monitor: val_loss
  n_epochs: 1000
results:
  test:
    acc: 0.7806000113487244
    auprc: 0.8373135328292847
    auroc: 0.9119114875793457
    loss: 0.8267270922660828
  train:
    acc: 1.0
    auprc: 1.0000001192092896
    auroc: 1.0
    loss: 0.17409288883209229
  val:
    acc: 0.822222113609314
    auprc: 0.9139539003372192
    auroc: 0.9478088021278381
    loss: 0.6637250185012817
