data:
  dataset_name: cora,citeseer,pubmed
  khop: 2
experiment:
  n_splits: 100
  n_trials: 1
model:
  attn_dropout: 0.3
  basepoint: false
  diff: false
  dropout: 0.9
  gnn_type: GSAN
  jk_type: null
  l2_reg: 0.01
  learn_embedding: false
  n_depth: 1
  n_features: 64
  n_heads: 8
  n_levels: 2
  n_post: 0
  n_pre: 0
  n_steps: 5
  norm_type: layer
opt:
  es_patience: 50
  lr_init: 0.01
  mode: min
  monitor: val_loss
  n_epochs: 1000
results:
  test:
    acc: 0.7749667167663574
    auprc: 0.8383814096450806
    auroc: 0.910839855670929
    loss: 0.8783941268920898
  train:
    acc: 1.0
    auprc: 1.0000007152557373
    auroc: 1.0000001192092896
    loss: 0.35901516675949097
  val:
    acc: 0.7333333492279053
    auprc: 0.7705289125442505
    auroc: 0.8789815306663513
    loss: 1.005242109298706
