data:
  dataset_name: cora,citeseer,pubmed
  khop: 1
experiment:
  n_splits: 100
  n_trials: 1
model:
  basepoint: false
  diff: false
  dropout: 0.9
  gnn_type: GSN
  jk_type: null
  l2_reg: 0.01
  learn_embedding: false
  n_depth: 1
  n_features: 64
  n_levels: 2
  n_post: 0
  n_pre: 0
  n_steps: 5
  norm_type: layer
opt:
  es_patience: 50
  lr_init: 0.01
  mode: min
  monitor: val_loss
  n_epochs: 1000
results:
  test:
    acc: 0.7858644127845764
    auprc: 0.8635724186897278
    auroc: 0.9254265427589417
    loss: 0.750920295715332
  train:
    acc: 1.0
    auprc: 1.0
    auroc: 1.0
    loss: 0.22703061997890472
  val:
    acc: 0.7888889312744141
    auprc: 0.8529137372970581
    auroc: 0.922531008720398
    loss: 0.7549514770507812
