data:
  dataset_name: cora,citeseer,pubmed
  khop: 2
experiment:
  n_splits: 100
  n_trials: 1
model:
  attn_dropout: 0.3
  basepoint: false
  diff: false
  dropout: 0.9
  gnn_type: GSAN
  jk_type: null
  l2_reg: 0.01
  learn_embedding: false
  n_depth: 1
  n_features: 64
  n_heads: 8
  n_levels: 2
  n_post: 0
  n_pre: 0
  n_steps: 5
  norm_type: layer
opt:
  es_patience: 50
  lr_init: 0.01
  mode: min
  monitor: val_loss
  n_epochs: 1000
results:
  test:
    acc: 0.7449209690093994
    auprc: 0.8049483895301819
    auroc: 0.890840470790863
    loss: 0.9943076372146606
  train:
    acc: 1.0
    auprc: 1.0000003576278687
    auroc: 1.0
    loss: 0.14794136583805084
  val:
    acc: 0.7999999523162842
    auprc: 0.9016560912132263
    auroc: 0.9439200162887573
    loss: 0.6311130523681641
