data:
  dataset_name: cora,citeseer,pubmed
  khop: 2
experiment:
  n_splits: 100
  n_trials: 1
model:
  basepoint: false
  diff: false
  dropout: 0.9
  gnn_type: GSN
  jk_type: null
  l2_reg: 0.01
  learn_embedding: false
  n_depth: 1
  n_features: 64
  n_levels: 2
  n_post: 0
  n_pre: 0
  n_steps: 5
  norm_type: layer
opt:
  es_patience: 50
  lr_init: 0.01
  mode: min
  monitor: val_loss
  n_epochs: 1000
results:
  test:
    acc: 0.7696145176887512
    auprc: 0.8321309089660645
    auroc: 0.9115760922431946
    loss: 0.9547559022903442
  train:
    acc: 1.0
    auprc: 1.000000238418579
    auroc: 0.9999997615814209
    loss: 0.43750494718551636
  val:
    acc: 0.7000000476837158
    auprc: 0.7739464044570923
    auroc: 0.8677780032157898
    loss: 1.1468141078948975
