data:
  dataset_name: cora,citeseer,pubmed
  khop: 1
experiment:
  n_splits: 100
  n_trials: 1
model:
  attn_dropout: 0.3
  basepoint: false
  diff: false
  dropout: 0.9
  gnn_type: GSAN
  jk_type: null
  l2_reg: 0.01
  learn_embedding: false
  n_depth: 1
  n_features: 64
  n_heads: 8
  n_levels: 2
  n_post: 0
  n_pre: 0
  n_steps: 5
  norm_type: layer
opt:
  es_patience: 50
  lr_init: 0.01
  mode: min
  monitor: val_loss
  n_epochs: 1000
results:
  test:
    acc: 0.7681245803833008
    auprc: 0.8397647142410278
    auroc: 0.9122225046157837
    loss: 0.9884681701660156
  train:
    acc: 0.9833333492279053
    auprc: 0.9997245073318481
    auroc: 0.9998612403869629
    loss: 0.34066903591156006
  val:
    acc: 0.7888889312744141
    auprc: 0.8229780197143555
    auroc: 0.9153704047203064
    loss: 0.9505268931388855
