data:
  dataset_name: cora,citeseer,pubmed
  khop: 1
experiment:
  n_splits: 100
  n_trials: 1
model:
  basepoint: false
  diff: false
  dropout: 0.9
  gnn_type: GSN
  jk_type: null
  l2_reg: 0.01
  learn_embedding: false
  n_depth: 1
  n_features: 64
  n_levels: 2
  n_post: 0
  n_pre: 0
  n_steps: 5
  norm_type: layer
opt:
  es_patience: 50
  lr_init: 0.01
  mode: min
  monitor: val_loss
  n_epochs: 1000
results:
  test:
    acc: 0.7842845916748047
    auprc: 0.8547279834747314
    auroc: 0.9195398092269897
    loss: 0.853753387928009
  train:
    acc: 1.0
    auprc: 1.0000001192092896
    auroc: 1.0000001192092896
    loss: 0.14829185605049133
  val:
    acc: 0.7888889312744141
    auprc: 0.8609417676925659
    auroc: 0.9259569048881531
    loss: 0.7918579578399658
