data:
  dataset_name: cora,citeseer,pubmed
  khop: 1
experiment:
  n_splits: 100
  n_trials: 1
model:
  basepoint: false
  diff: false
  dropout: 0.9
  gnn_type: GSN
  jk_type: null
  l2_reg: 0.01
  learn_embedding: false
  n_depth: 1
  n_features: 64
  n_levels: 2
  n_post: 0
  n_pre: 0
  n_steps: 5
  norm_type: layer
opt:
  es_patience: 50
  lr_init: 0.01
  mode: min
  monitor: val_loss
  n_epochs: 1000
results:
  test:
    acc: 0.7658011317253113
    auprc: 0.8468923568725586
    auroc: 0.915453314781189
    loss: 0.8845255374908447
  train:
    acc: 1.0
    auprc: 1.0000014305114746
    auroc: 1.0
    loss: 0.19543543457984924
  val:
    acc: 0.76666659116745
    auprc: 0.8639470338821411
    auroc: 0.919197678565979
    loss: 0.8949238061904907
