data:
  dataset_name: cora,citeseer,pubmed
  khop: 2
experiment:
  n_splits: 100
  n_trials: 1
model:
  basepoint: false
  diff: false
  dropout: 0.9
  gnn_type: GSN
  jk_type: null
  l2_reg: 0.01
  learn_embedding: false
  n_depth: 1
  n_features: 64
  n_levels: 2
  n_post: 0
  n_pre: 0
  n_steps: 5
  norm_type: layer
opt:
  es_patience: 50
  lr_init: 0.01
  mode: min
  monitor: val_loss
  n_epochs: 1000
results:
  test:
    acc: 0.7705667018890381
    auprc: 0.8261399269104004
    auroc: 0.9070566892623901
    loss: 0.8684079051017761
  train:
    acc: 1.0
    auprc: 1.0
    auroc: 0.9999999403953552
    loss: 0.20356757938861847
  val:
    acc: 0.7555556297302246
    auprc: 0.7995494604110718
    auroc: 0.8948151469230652
    loss: 0.9195280075073242
