data:
  dataset_name: cora,citeseer,pubmed
  khop: 2
experiment:
  n_splits: 100
  n_trials: 1
model:
  attn_dropout: 0.3
  basepoint: false
  diff: false
  dropout: 0.9
  gnn_type: GSAN
  jk_type: null
  l2_reg: 0.01
  learn_embedding: false
  n_depth: 1
  n_features: 64
  n_heads: 8
  n_levels: 2
  n_post: 0
  n_pre: 0
  n_steps: 5
  norm_type: layer
opt:
  es_patience: 50
  lr_init: 0.01
  mode: min
  monitor: val_loss
  n_epochs: 1000
results:
  test:
    acc: 0.7488687634468079
    auprc: 0.7988567352294922
    auroc: 0.8887046575546265
    loss: 1.0122504234313965
  train:
    acc: 1.0
    auprc: 1.0
    auroc: 0.9999997019767761
    loss: 0.11225838959217072
  val:
    acc: 0.7888888120651245
    auprc: 0.8306621313095093
    auroc: 0.9049080014228821
    loss: 0.9211426377296448
