data:
  dataset_name: cora,citeseer,pubmed
  khop: 2
experiment:
  n_splits: 100
  n_trials: 1
model:
  basepoint: false
  diff: false
  dropout: 0.9
  gnn_type: GSN
  jk_type: null
  l2_reg: 0.01
  learn_embedding: false
  n_depth: 1
  n_features: 64
  n_levels: 2
  n_post: 0
  n_pre: 0
  n_steps: 5
  norm_type: layer
opt:
  es_patience: 50
  lr_init: 0.01
  mode: min
  monitor: val_loss
  n_epochs: 1000
results:
  test:
    acc: 0.7845946550369263
    auprc: 0.8576871156692505
    auroc: 0.9216499924659729
    loss: 0.7470043897628784
  train:
    acc: 1.0
    auprc: 1.0000003576278687
    auroc: 1.0000003576278687
    loss: 0.2411932349205017
  val:
    acc: 0.8333333730697632
    auprc: 0.8675174713134766
    auroc: 0.9156482815742493
    loss: 0.7887145280838013
