data:
  dataset_name: cora,citeseer,pubmed
  khop: 2
experiment:
  n_splits: 100
  n_trials: 1
model:
  attn_dropout: 0.3
  basepoint: false
  diff: false
  dropout: 0.9
  gnn_type: GSAN
  jk_type: null
  l2_reg: 0.01
  learn_embedding: false
  n_depth: 1
  n_features: 64
  n_heads: 8
  n_levels: 2
  n_post: 0
  n_pre: 0
  n_steps: 5
  norm_type: layer
opt:
  es_patience: 50
  lr_init: 0.01
  mode: min
  monitor: val_loss
  n_epochs: 1000
results:
  test:
    acc: 0.7787729501724243
    auprc: 0.8464486598968506
    auroc: 0.9130759239196777
    loss: 0.8115708231925964
  train:
    acc: 1.0
    auprc: 1.0000004768371582
    auroc: 1.0000001192092896
    loss: 0.26361626386642456
  val:
    acc: 0.8222222924232483
    auprc: 0.8538357615470886
    auroc: 0.9124691486358643
    loss: 0.8052480816841125
