data:
  dataset_name: cora,citeseer,pubmed
  khop: 1
experiment:
  n_splits: 100
  n_trials: 1
model:
  basepoint: false
  diff: false
  dropout: 0.9
  gnn_type: GSN
  jk_type: null
  l2_reg: 0.01
  learn_embedding: false
  n_depth: 1
  n_features: 64
  n_levels: 2
  n_post: 0
  n_pre: 0
  n_steps: 5
  norm_type: layer
opt:
  es_patience: 50
  lr_init: 0.01
  mode: min
  monitor: val_loss
  n_epochs: 1000
results:
  test:
    acc: 0.7985101938247681
    auprc: 0.8732635974884033
    auroc: 0.9307836294174194
    loss: 0.7398187518119812
  train:
    acc: 0.98333340883255
    auprc: 0.9997254610061646
    auroc: 0.9998614192008972
    loss: 0.2409954071044922
  val:
    acc: 0.7999999523162842
    auprc: 0.8715158104896545
    auroc: 0.9273459315299988
    loss: 0.7659940719604492
