data:
  dataset_name: cora,citeseer,pubmed
  khop: 2
experiment:
  n_splits: 100
  n_trials: 1
model:
  attn_dropout: 0.3
  basepoint: false
  diff: false
  dropout: 0.9
  gnn_type: GSAN
  jk_type: null
  l2_reg: 0.01
  learn_embedding: false
  n_depth: 1
  n_features: 64
  n_heads: 8
  n_levels: 2
  n_post: 0
  n_pre: 0
  n_steps: 5
  norm_type: layer
opt:
  es_patience: 50
  lr_init: 0.01
  mode: min
  monitor: val_loss
  n_epochs: 1000
results:
  test:
    acc: 0.7816039323806763
    auprc: 0.8483458757400513
    auroc: 0.9144272804260254
    loss: 0.8122305274009705
  train:
    acc: 1.0
    auprc: 1.0000004768371582
    auroc: 0.9999997615814209
    loss: 0.2510281205177307
  val:
    acc: 0.7111111879348755
    auprc: 0.7913542985916138
    auroc: 0.8847224712371826
    loss: 0.9662222266197205
