data:
  dataset_name: cora,citeseer,pubmed
experiment:
  n_splits: 100
  n_trials: 1
model:
  attn_dropout: 0.3
  basepoint: false
  diff: false
  dropout: 0.9
  gnn_type: GSAN
  jk_type: null
  l2_reg: 0.01
  learn_embedding: false
  n_depth: 1
  n_features: 64
  n_heads: 8
  n_levels: 2
  n_post: 0
  n_pre: 0
  n_steps: 5
  norm_type: layer
opt:
  es_patience: 50
  lr_init: 0.01
  mode: min
  monitor: val_loss
  n_epochs: 1000
results:
  test:
    acc: 0.8016048073768616
    auprc: 0.8731135129928589
    auroc: 0.9292342662811279
    loss: 0.746213436126709
  train:
    acc: 1.0
    auprc: 1.0
    auroc: 0.9999997615814209
    loss: 0.13679513335227966
  val:
    acc: 0.7777777910232544
    auprc: 0.8960260152816772
    auroc: 0.9433029294013977
    loss: 0.6841395497322083
