data:
  dataset_name: cora,citeseer,pubmed
  khop: 2
experiment:
  n_splits: 100
  n_trials: 1
model:
  attn_dropout: 0.3
  basepoint: false
  diff: false
  dropout: 0.9
  gnn_type: GSAN
  jk_type: null
  l2_reg: 0.01
  learn_embedding: false
  n_depth: 1
  n_features: 64
  n_heads: 8
  n_levels: 2
  n_post: 0
  n_pre: 0
  n_steps: 5
  norm_type: layer
opt:
  es_patience: 50
  lr_init: 0.01
  mode: min
  monitor: val_loss
  n_epochs: 1000
results:
  test:
    acc: 0.7666968107223511
    auprc: 0.8277007341384888
    auroc: 0.9077113270759583
    loss: 0.8615237474441528
  train:
    acc: 1.0
    auprc: 1.0000004768371582
    auroc: 0.9999997615814209
    loss: 0.28499916195869446
  val:
    acc: 0.7444444298744202
    auprc: 0.7894583940505981
    auroc: 0.8922223448753357
    loss: 0.9103175401687622
