data:
  dataset_name: cora,citeseer,pubmed
  khop: 2
experiment:
  n_splits: 100
  n_trials: 1
model:
  basepoint: false
  diff: false
  dropout: 0.9
  gnn_type: GSN
  jk_type: null
  l2_reg: 0.01
  learn_embedding: false
  n_depth: 1
  n_features: 64
  n_levels: 2
  n_post: 0
  n_pre: 0
  n_steps: 5
  norm_type: layer
opt:
  es_patience: 50
  lr_init: 0.01
  mode: min
  monitor: val_loss
  n_epochs: 1000
results:
  test:
    acc: 0.7959731817245483
    auprc: 0.8693990707397461
    auroc: 0.931560218334198
    loss: 0.782154381275177
  train:
    acc: 1.0
    auprc: 1.0000005960464478
    auroc: 0.9999997615814209
    loss: 0.2694272994995117
  val:
    acc: 0.7888889312744141
    auprc: 0.9338830709457397
    auroc: 0.9604012966156006
    loss: 0.6612564921379089
