data:
  dataset_name: cora,citeseer,pubmed
  khop: 1
experiment:
  n_splits: 100
  n_trials: 1
model:
  basepoint: false
  diff: false
  dropout: 0.9
  gnn_type: GSN
  jk_type: null
  l2_reg: 0.01
  learn_embedding: false
  n_depth: 1
  n_features: 64
  n_levels: 2
  n_post: 0
  n_pre: 0
  n_steps: 5
  norm_type: layer
opt:
  es_patience: 50
  lr_init: 0.01
  mode: min
  monitor: val_loss
  n_epochs: 1000
results:
  test:
    acc: 0.7745537757873535
    auprc: 0.8435912728309631
    auroc: 0.9125914573669434
    loss: 0.8606278896331787
  train:
    acc: 1.0
    auprc: 0.9999998807907104
    auroc: 0.9999998211860657
    loss: 0.22469228506088257
  val:
    acc: 0.76666659116745
    auprc: 0.8466340899467468
    auroc: 0.9082717895507812
    loss: 0.8890153169631958
