data:
  dataset_name: cora,citeseer,pubmed
  khop: 2
experiment:
  n_splits: 100
  n_trials: 1
model:
  basepoint: false
  diff: false
  dropout: 0.9
  gnn_type: GSN
  jk_type: null
  l2_reg: 0.01
  learn_embedding: false
  n_depth: 1
  n_features: 64
  n_levels: 2
  n_post: 0
  n_pre: 0
  n_steps: 5
  norm_type: layer
opt:
  es_patience: 50
  lr_init: 0.01
  mode: min
  monitor: val_loss
  n_epochs: 1000
results:
  test:
    acc: 0.7349505424499512
    auprc: 0.8106747269630432
    auroc: 0.8973842859268188
    loss: 1.0087816715240479
  train:
    acc: 1.0
    auprc: 1.000000238418579
    auroc: 1.0000003576278687
    loss: 0.3230132758617401
  val:
    acc: 0.7555554509162903
    auprc: 0.7836886048316956
    auroc: 0.8848459124565125
    loss: 1.0628280639648438
