data:
  dataset_name: cora,citeseer,pubmed
  khop: 1
experiment:
  n_splits: 100
  n_trials: 1
model:
  attn_dropout: 0.3
  basepoint: false
  diff: false
  dropout: 0.9
  gnn_type: GSAN
  jk_type: null
  l2_reg: 0.01
  learn_embedding: false
  n_depth: 1
  n_features: 64
  n_heads: 8
  n_levels: 2
  n_post: 0
  n_pre: 0
  n_steps: 5
  norm_type: layer
opt:
  es_patience: 50
  lr_init: 0.01
  mode: min
  monitor: val_loss
  n_epochs: 1000
results:
  test:
    acc: 0.7676899433135986
    auprc: 0.809909462928772
    auroc: 0.8946300148963928
    loss: 1.0181788206100464
  train:
    acc: 1.0
    auprc: 0.9999998211860657
    auroc: 0.9999994039535522
    loss: 0.0693759024143219
  val:
    acc: 0.8111111521720886
    auprc: 0.9054341316223145
    auroc: 0.9467290639877319
    loss: 0.5985730886459351
