data:
  dataset_name: cora,citeseer,pubmed
  khop: 1
experiment:
  n_splits: 100
  n_trials: 1
model:
  attn_dropout: 0.3
  basepoint: false
  diff: false
  dropout: 0.9
  gnn_type: GSAN
  jk_type: null
  l2_reg: 0.01
  learn_embedding: false
  n_depth: 1
  n_features: 64
  n_heads: 8
  n_levels: 2
  n_post: 0
  n_pre: 0
  n_steps: 5
  norm_type: layer
opt:
  es_patience: 50
  lr_init: 0.01
  mode: min
  monitor: val_loss
  n_epochs: 1000
results:
  test:
    acc: 0.7819713950157166
    auprc: 0.8522481322288513
    auroc: 0.9150903820991516
    loss: 0.8642087578773499
  train:
    acc: 1.0
    auprc: 1.0000003576278687
    auroc: 0.9999998807907104
    loss: 0.2560494542121887
  val:
    acc: 0.7222222089767456
    auprc: 0.8082160949707031
    auroc: 0.8867282867431641
    loss: 0.974450409412384
