data:
  dataset_name: cora,citeseer,pubmed
experiment:
  n_splits: 100
  n_trials: 1
model:
  attn_dropout: 0.3
  basepoint: false
  diff: false
  dropout: 0.9
  gnn_type: GSAN
  jk_type: null
  l2_reg: 0.01
  learn_embedding: false
  n_depth: 1
  n_features: 64
  n_heads: 8
  n_levels: 2
  n_post: 0
  n_pre: 0
  n_steps: 5
  norm_type: layer
opt:
  es_patience: 50
  lr_init: 0.01
  mode: min
  monitor: val_loss
  n_epochs: 1000
results:
  test:
    acc: 0.7979251742362976
    auprc: 0.8787631988525391
    auroc: 0.9308062791824341
    loss: 0.7681242823600769
  train:
    acc: 0.9833332896232605
    auprc: 0.9997246265411377
    auroc: 0.9998611211776733
    loss: 0.16867519915103912
  val:
    acc: 0.8444445133209229
    auprc: 0.9120803475379944
    auroc: 0.9559261798858643
    loss: 0.5802560448646545
