data:
  dataset_name: cora,citeseer,pubmed
experiment:
  n_splits: 100
  n_trials: 1
model:
  attn_dropout: 0.3
  basepoint: false
  diff: false
  dropout: 0.9
  gnn_type: GSAN
  jk_type: null
  l2_reg: 0.01
  learn_embedding: false
  n_depth: 1
  n_features: 64
  n_heads: 8
  n_levels: 2
  n_post: 0
  n_pre: 0
  n_steps: 5
  norm_type: layer
opt:
  es_patience: 50
  lr_init: 0.01
  mode: min
  monitor: val_loss
  n_epochs: 1000
results:
  test:
    acc: 0.7407370209693909
    auprc: 0.7986923456192017
    auroc: 0.8897068500518799
    loss: 0.966890275478363
  train:
    acc: 0.9666666984558105
    auprc: 0.9978243708610535
    auroc: 0.9988888502120972
    loss: 0.2827039957046509
  val:
    acc: 0.7111111879348755
    auprc: 0.7956250309944153
    auroc: 0.8767287135124207
    loss: 1.0175535678863525
