data:
  dataset_name: cora,citeseer,pubmed
experiment:
  n_splits: 100
  n_trials: 1
model:
  attn_dropout: 0.3
  basepoint: false
  diff: false
  dropout: 0.9
  gnn_type: GSAN
  jk_type: null
  l2_reg: 0.01
  learn_embedding: false
  n_depth: 1
  n_features: 64
  n_heads: 8
  n_levels: 2
  n_post: 0
  n_pre: 0
  n_steps: 5
  norm_type: layer
opt:
  es_patience: 50
  lr_init: 0.01
  mode: min
  monitor: val_loss
  n_epochs: 1000
results:
  test:
    acc: 0.7671079039573669
    auprc: 0.828339695930481
    auroc: 0.9079942107200623
    loss: 0.8547537326812744
  train:
    acc: 1.0
    auprc: 1.0000003576278687
    auroc: 0.9999999403953552
    loss: 0.35410696268081665
  val:
    acc: 0.7444444894790649
    auprc: 0.8114701509475708
    auroc: 0.9000306129455566
    loss: 0.8790708780288696
