data:
  dataset_name: cora,citeseer,pubmed
  khop: 2
experiment:
  n_splits: 100
  n_trials: 1
model:
  basepoint: false
  diff: false
  dropout: 0.9
  gnn_type: GSN
  jk_type: null
  l2_reg: 0.01
  learn_embedding: false
  n_depth: 1
  n_features: 64
  n_levels: 2
  n_post: 0
  n_pre: 0
  n_steps: 5
  norm_type: layer
opt:
  es_patience: 50
  lr_init: 0.01
  mode: min
  monitor: val_loss
  n_epochs: 1000
results:
  test:
    acc: 0.7990347146987915
    auprc: 0.8653464317321777
    auroc: 0.9275374412536621
    loss: 0.7547277212142944
  train:
    acc: 1.0
    auprc: 1.000000238418579
    auroc: 0.9999998807907104
    loss: 0.1446167230606079
  val:
    acc: 0.822222113609314
    auprc: 0.8740668296813965
    auroc: 0.931019127368927
    loss: 0.7271473407745361
