data:
  dataset_name: cora,citeseer,pubmed
  khop: 2
experiment:
  n_splits: 100
  n_trials: 1
model:
  basepoint: false
  diff: false
  dropout: 0.9
  gnn_type: GSN
  jk_type: null
  l2_reg: 0.01
  learn_embedding: false
  n_depth: 1
  n_features: 64
  n_levels: 2
  n_post: 0
  n_pre: 0
  n_steps: 5
  norm_type: layer
opt:
  es_patience: 50
  lr_init: 0.01
  mode: min
  monitor: val_loss
  n_epochs: 1000
results:
  test:
    acc: 0.7385444641113281
    auprc: 0.7981557846069336
    auroc: 0.8870791792869568
    loss: 1.107060432434082
  train:
    acc: 1.0
    auprc: 1.0
    auroc: 0.9999998211860657
    loss: 0.12145961076021194
  val:
    acc: 0.7666667103767395
    auprc: 0.804885745048523
    auroc: 0.8986734747886658
    loss: 0.9893355369567871
