data:
  dataset_name: cora,citeseer,pubmed
  khop: 2
experiment:
  n_splits: 100
  n_trials: 1
model:
  attn_dropout: 0.3
  basepoint: false
  diff: false
  dropout: 0.9
  gnn_type: GSAN
  jk_type: null
  l2_reg: 0.01
  learn_embedding: false
  n_depth: 1
  n_features: 64
  n_heads: 8
  n_levels: 2
  n_post: 0
  n_pre: 0
  n_steps: 5
  norm_type: layer
opt:
  es_patience: 50
  lr_init: 0.01
  mode: min
  monitor: val_loss
  n_epochs: 1000
results:
  test:
    acc: 0.7441123127937317
    auprc: 0.8110498189926147
    auroc: 0.895423412322998
    loss: 0.9199272394180298
  train:
    acc: 0.9833332896232605
    auprc: 0.9997246861457825
    auroc: 0.9998611211776733
    loss: 0.16681352257728577
  val:
    acc: 0.7333332896232605
    auprc: 0.7971083521842957
    auroc: 0.8853399753570557
    loss: 1.0359864234924316
