data:
  dataset_name: cora,citeseer,pubmed
experiment:
  n_splits: 100
  n_trials: 1
model:
  attn_dropout: 0.3
  basepoint: false
  diff: false
  dropout: 0.9
  gnn_type: GSAN
  jk_type: null
  l2_reg: 0.01
  learn_embedding: false
  n_depth: 1
  n_features: 64
  n_heads: 8
  n_levels: 2
  n_post: 0
  n_pre: 0
  n_steps: 5
  norm_type: layer
opt:
  es_patience: 50
  lr_init: 0.01
  mode: min
  monitor: val_loss
  n_epochs: 1000
results:
  test:
    acc: 0.789799153804779
    auprc: 0.8418643474578857
    auroc: 0.91591876745224
    loss: 0.8191654682159424
  train:
    acc: 0.9833333492279053
    auprc: 0.9995908737182617
    auroc: 0.9997913241386414
    loss: 0.23639966547489166
  val:
    acc: 0.8111110329627991
    auprc: 0.8906965255737305
    auroc: 0.9394755363464355
    loss: 0.7257553339004517
